299861
461383
1091206
1731477
2136874
2189171
3510107
4075971
4176808
7287421
8149707
8164971
8356599
8613164
10974164
11208089
12246736
12605008
12628061
13470882
13498426
15173017
15486251
15786003
15811048
15931478
15989912
16739517
16790789
16925381
17050833
17218838
17524254
17564772
17571059
17598345
18095126
18206589
18424673
18727745
19171396
19382955
19469946
19669541
19935392
19960354
20100014
20603756
20715566
20777526
20785271
20812428
20940597
20981953
21183688
21846646
22082231
22156822
22495784
22566722
22891082
22893602
22991016
23769370
24034279
24065769
24113966
24242195
24373009
24460458
24706629
24728212
25865802
25952881
26265740
26397305
26665679
26745866
26898905
26949506
27771380
27968023
28148538
28203183
28352085
28387974
28598266
28636569
29213105
29668745
30013601
30085941
30151547
30221864
30310846
30359358
30368780
30466281
30482801
30750026
30750851
30761760
30811598
30880044
30903265
31334297
31357905
31494941
31811777
32083594
33113303
33230376
33348593
33627643
34689058
35042193
35543088
35545775
36129475
36969788
37092903
37353583
37670741
37772132
38033552
38085199
38091861
38801500
38894992
39301315
39556689
40449308
40794734
40980849
41131578
41143704
41193753
41235661
41381215
41569661
41701513
41714669
41786213
41887058
42370474
42929335
43156656
43926613
44864912
45606037
46036698
46145619
46210525
46278627
46350463
46747844
46797265
47283543
48506665
48805148
49809666
50785950
51158964
53192174
53355310
56700708
61216087
62693789
62734614
62755311
63320788
63663060
63776768
64294082
65653046
65768350
66279374
66437168
67243641
67383983
67578835
67926723
68262138
68332441
68407640
68502508
68509647
68601634
68850575
68874349
70063250
70286978
70454120
71028889
71212904
71291939
71308397
71378329
71445130
71509790
71664032
71966929
72177374
72590974
73405121
73840343
73865715
75058980
75172344
75439979
75639592
75932431
76302902
76360235
77011534
77014267
77337818
77534887
77683674
77723450
77880598
78498763
78546357
78786150
78951756
79106569
79968519
80224144
80404913
80439214
80916469
81234564
81397591
81673359
81782235
82330102
82651791
82900458
83016787
83416669
84090450
84277082
84346535
84537625
84600357
84986353
85430278
85713317
86244294
86456482
87079923
87105862
87922543
87983756
90280259
90601385
91003939
91429679
91555432
91655204
92328748
92749178
92860473
92875453
93035167
93174816
93212567
93824127
94680605
94926493
95172736
95190209
95411278
95936499
95966958
96219828
96223941
96237457
96304978
96511320
96760971
96793971
96846302
97348931
97498005
99883858
100804841
100989631
101118439
102126690
102718720
102814218
104455291
104482693
104521237
104891648
105675983
105792640
106184387
106538048
107104558
107333892
107592235
108882514
109729178
110678324
112309098
113800356
114401659
116695002
116737474
116770368
117352696
117387675
118033352
119609089
119630738
119780855
119812635
120081463
120584487
121073411
121317150
121615664
121695255
122678504
122959922
124493675
125659391
125898261
126016012
126249952
126332388
126419549
126579667
126592973
126905464
127700059
127929853
127972536
127995983
130528915
130990137
131154401
131482115
131573936
131682983
131844264
132214625
134151473
134876060
134995531
135128855
135245538
135366599
135637856
135815151
136155327
136201882
136238150
136584481
136904472
137050339
137196400
137681122
138077025
138207516
138508665
138639178
139863645
140319018
140444743
140993336
141209066
141332907
141556828
141642387
141917079
141969701
142909270
143590645
143665826
144381015
144617766
145115965
145704611
146429635
147991542
148119538
148747692
149418725
151170273
151785375
151841394
151904546
151994068
152501596
152516442
152611774
153114899
153989627
154115670
155939246
155963853
156661318
156866781
157190562
157830239
158145796
158156804
158344089
158857160
159042306
159159099
159237876
159763217
159779833
160404118
160919111
161022374
161054613
161066385
161096859
161774214
161874972
162105011
162148191
162202821
162761641
163214379
163631669
163818061
163913986
163968692
163998897
164261996
164783816
165148266
165166761
165248458
165263421
165875820
168951750
168970196
169125278
169255497
169985745
170559995
170840075
171431338
171640198
171857796
171898672
172148902
172879008
172919215
174038943
174066692
174137283
174225331
174286583
174317631
174571937
174640530
174712855
174793928
175010491
175653210
175666486
175781264
176134327
176567182
176991027
177228065
177235652
177414643
177632027
177753519
178099443
178107708
178187750
178424902
178559675
178735183
179366345
179598636
179851804
179951495
180117047
180254972
180344301
181274955
182055607
182073546
182139072
182201176
182254026
182303700
182405958
182431699
182632737
182866896
182917360
182950159
182964485
183405789
183474981
183523578
183544671
183554506
183785273
183801163
183810596
183864130
184030009
184120262
184320365
184390100
184562486
184681838
185025403
185123444
185323633
185515355
185606987
185860639
185946386
186173974
186236611
186260068
186301786
186457017
186468268
186542535
186654721
186699138
186895538
187006352
187021770
187077199
187220715
187237880
187341395
187411154
187467520
187476806
187491064
187511430
187635614
187720658
187884896
187914576
188483147
188734355
188768036
188792053
188924246
188937840
188979399
188996467
189298603
189328646
190444173
190802079
190890881
190981831
191283421
191343118
191417917
191458310
191509769
191604811
191637887
191742908
191964640
192054647
192077887
192484882
192531394
192593370
192699115
192781474
193095564
193231089
193390025
193397812
193512335
193557207
193605084
193622735
193660043
193822682
194066982
194180789
194569764
194666338
195021683
195172659
195569735
195628695
195757567
195772559
195795966
195805187
195824869
195847559
195926963
195979908
196006775
196125848
196148074
196232078
196254477
196259016
196274874
196278771
196279657
196314728
196379745
196464046
196485935
196585849
196818091
196833513
196959682
196998601
197068164
197213553
197393356
197393961
197425904
197606875
197801893
198272793
198408640
198492220
198641415
198731877
198746242
198869107
198902275
199061912
199116788
199195037
199263059
199422959
200252326
200586594
200611454
200619267
200753979
200801482
201019544
201076125
201227441
201361412
201606327
201630906
201782248
201810860
201835577
202353823
202567649
202612170
202683103
202869579
202925040
202974077
203191579
203337175
203459778
203479535
203582158
203592443
203631924
203739447
203740408
203931566
203964002
204027587
204090378
204249615
204364756
204556712
204637733
204648296
205017895
205073002
205227336
205327595
205890011
206155250
206444482
206547826
206964782
207931073
208573531
208608703
209019085
210846137
210981854
211100597
211271375
212580869
213022555
213150856
213218968
213237471
213630530
213702859
213784863
213845328
213979871
214138268
214252425
214464190
214516336
214613992
214936113
215335848
215513939
215796905
215920543
215924856
216399255
216451159
216550581
216558771
217730082
217744049
219397381
219435363
220219182
220394573
220521688
221029108
221515374
221584802
221799180
225010856
225104667
225140198
225549201
225875948
226221485
226257551
226341862
226395906
226643121
226924738
226927837
227155832
227250872
227334681
227365159
227449748
227586276
229918487
230625011
231191019
231508381
233458389
233825684
234179670
235982458
236418388
236740624
237011380
237291373
237937554
238290078
238345030
238364602
238419750
238535949
238664876
239048012
239431970
240395666
240639747
240642208
241024466
241245040
241416082
241572261
242620998
243170287
245018794
245026182
245065648
245236900
245238539
245462942
246201103
247063310
247118729
247702579
248153444
249230830
249341527
249401182
250031591
250323689
250414813
251037003
251071373
251128136
252116873
252154199
252971624
253074069
253091602
253325619
253344834
253938180
254921584
255550162
255799316
256066513
256134778
256403185
256485313
256704305
256931831
257989313
258506639
258897001
258989967
259052857
259128917
259242152
260306584
260734679
260778636
260780663
260941597
261013659
263692472
263876874
264008337
264244368
264667109
265098457
265546683
265748349
265857315
266457625
266495703
267185534
267629399
268643683
268815794
269001307
269623553
269881055
270443822
270709391
271341464
271465154
271553134
271586332
272548451
272595335
273581958
273702226
273706136
274124852
274563988
275078256
276011926
277701365
277806012
278197152
279733644
280108383
280135564
280746066
280767824
281213380
281615709
281835936
281962756
282452216
283449524
283460729
283873797
283995862
284140956
285072127
285548041
286744377
286759881
287203668
287416136
288034359
289319876
289785805
289870515
290995374
291244827
291311777
291794732
292117664
292177706
292803413
293369340
294589869
295667944
296801171
299140038
300013985
303949137
306171649
308345921
