29287
2092240
2122322
2501823
3655924
7636394
7882973
7888936
8226101
10667633
11680382
11839844
13253743
13888777
15311698
15694830
16757295
16801596
16802807
16834774
19337548
21383541
22084637
24304189
25559554
26501249
26501603
26874816
27525564
29256334
29909048
29919012
30707806
31416567
33703522
34625304
36576299
37616180
37619584
38003841
38581676
38582737
38924582
39457330
41775223
41776228
42340569
42893397
43733598
44467970
45589983
46633074
47477617
49378977
50442137
51608224
51984620
54308329
54753293
54792843
54904120
56048635
56528306
57511477
57688079
57752386
58794511
58943148
59236090
59252000
60713671
61096237
61604379
61733531
61743348
61815318
61919855
61937862
62023927
62335467
62339887
62668195
62747602
64211830
64430370
64702461
64728855
64925976
65153545
66010676
66493916
66588681
66622907
67043373
68045218
68852345
69469773
69829021
69852344
70111497
70187599
71189763
71320056
71426420
71570018
71647430
71699731
72377279
72769438
72919017
73545764
74071866
74203876
74530042
74536177
75015513
75664586
75737153
76248989
77126367
77158141
77744272
78085310
78395347
78801332
79391143
79426443
79621073
80261072
80411342
80726061
81927952
82406772
84109073
84617942
85400890
85669977
86170688
87046645
87225350
87409963
88205805
88289391
88592783
89297514
90031458
90270227
90480996
90534843
90601192
90627240
91678351
91884512
92076955
92528475
94006120
94178662
94283581
94327036
94751647
94930312
94985612
95532415
96187620
96879797
97004786
98690873
98895395
98974835
99363166
99921223
100394555
100444026
101306335
103427577
104062933
104085180
104121492
104654471
104752112
104765084
105054407
105081577
106363115
106745106
107111253
107274414
107315212
107347328
108280987
110040043
111644672
111654006
112840725
113762969
113967324
114179685
114946125
115184595
116953550
117017310
117340312
118117496
119379617
119461262
119764316
121878718
122386189
122450553
122458661
122864674
123172606
123303706
123715624
124398264
124497175
125057252
125949372
125976411
126233015
126482737
126538524
128254631
128829370
129082439
129297544
129460881
129979390
130132778
130280780
131009617
131442045
131635621
131753981
131897158
131960889
132381142
133395158
133444501
134285000
134550631
135668038
136693366
137860011
139701068
139903709
139929649
140225443
140277802
140383091
140984704
141313897
141438204
141493116
141955908
142426982
143872078
143941918
144267499
144543521
144587564
145055422
145783014
146205335
146912116
147341394
147395856
147411405
148113131
149710776
150768784
150825257
150831378
151557559
154045504
154392649
156852660
160851021
164832141
167396727
169788381
170428476
175018890
175637626
178023148
179637302
179653476
179656697
180477273
180830121
183223366
183651854
186250379
187465124
187568133
187845179
190612917
194325395
194970750
195136107
195188895
197076349
197199170
197487741
199022436
199207734
199982895
200370507
201350373
201824308
201825100
202158628
202254754
202940191
203854413
203876952
204268279
205465736
206294098
206872948
208700676
211616841
215586212
216281292
220195261
223726780
225534376
226352892
229569724
230586285
230818320
235881099
235892672
236426760
236479420
236750172
237164875
237247475
237692445
238105028
238255824
238635521
238957799
239076614
240070710
241030575
241088360
241270979
241435847
241503488
241935939
242407191
242615752
242734621
243135323
243238133
243309905
244099965
244160547
244322740
244614363
244668042
245040043
245244360
245431557
245556918
245866411
245903178
246181052
246837426
247207632
247311631
248681243
249037531
249213718
249225934
249635318
249676168
249846885
251520406
251800331
252008378
252359354
254225341
254842120
254940658
255413245
255761044
257119592
257693076
258296435
258311185
259110432
259377342
260014313
260454567
261426254
261617604
263222746
263662017
263955531
264147146
264441592
264473232
264520247
264784970
265840224
270389954
270897698
272631931
274795329
276374508
277465846
277706059
278835373
279823063
280205604
280252405
280496797
281190794
281439257
283823231
283901838
284128278
284241148
284761940
285038174
285038209
285827031
286367066
286899275
287228480
287440464
288020919
288851503
289105501
289869911
290134989
290290228
290346735
290924820
291181757
291948356
292360201
292501116
292566997
292903499
292933408
293741721
293801613
294325076
294671826
294688023
295025959
295068724
295378635
295625168
296021916
296476312
296629465
296942292
297467764
297930023
298473012
299045332
299454644
299514349
300933931
301068932
301858794
301995463
302044785
302818252
303262785
304209617
304442476
304542197
304620554
305036616
306155008
308358833
310232846
311414108
311513087
311543972
313120984
313874261
314685885
315409954
316378072
316966132
317203627
317668386
317896031
318419998
319240054
319453675
320175038
322327993
322931849
328207190
330027139
331298976
335047675
337866876
337907796
340915992
340929868
345320190
345324433
345439031
347935878
350506681
355304460
358644893
359802979
365544526
365975746
366950401
367362237
368660029
369341037
370777017
372314856
373988223
374083746
375023815
375380051
375992572
377230049
384473174
386718106
387678438
387992927
388142049
388993807
390419902
390433436
393832759
396247680
402053397
403852185
404694377
404696725
406747364
