538869
694653
1394214
1967465
2470846
2550146
2953970
3072508
3120782
3685894
4310786
4420538
5009876
5356807
5421921
5627709
5785262
5890325
6041910
6124494
6320507
6690118
6723179
7560548
8098680
8877788
8984806
9105901
9308344
10878524
10948750
10968162
10991260
11055624
11263261
11421651
11633853
11682092
12090261
12100768
12150554
12282727
12396567
13390180
13891288
13944742
14034635
14494045
14818541
14889847
14927292
15524924
15782727
15832846
15850131
15931488
17094386
17142200
17342856
17491404
17964584
18123264
18406890
18454283
18521429
19133566
19326119
19767752
19915250
20081586
20220914
22085060
23097077
23161598
23513321
23562017
23605382
23902710
25334293
25455209
25749639
25896452
25898585
26467700
26694562
26784112
26851374
27024627
27088961
27312038
28314427
28464557
28535750
28591875
28695889
29413736
29842800
30915153
31136505
32053941
32088025
32798143
32826507
32880487
33002272
33026357
33725872
35203596
35287745
35315533
35481988
35549640
36035597
36105528
36303885
36334887
36375547
36395927
36734796
36959664
37432145
37659743
37860651
37877503
38445688
38875501
39170404
39652144
39729778
40291731
40393160
40557955
40921962
41835678
42828530
43456177
43879037
44448876
44633966
44908462
45069071
45124253
45854678
46202415
46291223
46358946
46568089
47678074
47689885
48372276
48419150
48809050
48826819
48887777
49052568
49399803
49665209
49741095
49876491
50096805
50221451
50334265
50385713
50620296
50790004
50822435
50901922
51040863
51102506
51460215
51483067
53644931
54583414
55566065
56121676
56543200
58627989
59347951
59395086
60166313
60256987
60328384
61137351
61990958
62423911
62969988
63073625
63106534
63228549
65288193
67216320
67873656
67916659
68061364
69680790
69827391
69981567
71031385
71530339
72699722
73284605
76012749
77686472
78328290
79271680
82023406
82464090
83033063
83097042
83464914
84405122
85185606
85447465
85458555
85628057
89009662
89256137
89683547
89697852
90539962
90588255
90625720
91691846
91725617
91788159
91982616
92150402
93258647
93481929
93966304
94060982
94650888
94872955
94893746
95447600
95482871
96116616
96149628
96666660
96810498
97684533
99176881
99572717
99719556
100047316
100386295
100442018
100603438
101282159
101884769
101967547
102129093
102152415
102167192
102250692
102419948
102495819
102987219
103346294
103369739
103372230
103443346
103658798
103686275
104072820
104371522
104710613
104841710
104880664
105066885
105089691
106095192
106555571
106563915
106572087
107011436
107189437
107889851
107969204
108215406
108709573
108878114
109637196
109662597
110364724
110524933
110962240
111328890
111455225
112470378
112533254
112592632
112928865
113275538
113835613
114008986
114189550
114717140
114873468
115080996
115141076
115248271
115663764
115912616
116412216
116908721
117654281
117881793
117982955
118428814
119515507
119765700
119845269
119886006
120120456
120167563
120296291
120698195
121094361
121362973
121705504
121843975
121954521
122060216
122440993
122634301
123013236
123135959
123593312
124035188
125053484
125074267
125576282
125697498
125816817
126303817
126361176
126985251
127149402
127233023
127601740
127921204
127934399
127996720
128535991
128705397
130094068
130466461
130752121
131498075
131766698
131878986
132084906
132192568
132627085
132646117
132713851
132802530
132918700
133101405
133165886
133304796
133496269
133523729
133644113
133771651
133839827
133956106
134336511
134629342
134719350
135122337
135386953
135507594
135821560
135826504
136004204
136063631
136572957
136749657
136933958
138612759
138916502
139776752
139869907
139877373
139914662
139961463
139979248
139990985
140161856
140793707
141247726
141589010
141901775
142041031
142075335
142461367
143027203
143190590
144291847
144341714
145311271
145986416
146389212
146392523
147662814
147777139
148225490
148449549
149704205
150987813
151578795
151668917
151938391
152723982
152798457
153032012
153901034
155080236
155383940
155483109
155618368
156135647
156193470
156982805
158129120
158585956
159444959
160343111
160912246
161207957
161619127
161910064
162124621
162230307
162692192
162732147
163104958
163163591
163669154
164027339
164895366
165148545
165209538
165618742
166187016
166230991
166582186
166586701
166639573
166658735
167228644
168005889
168078406
168804045
168940810
169143223
170213173
171113306
171245288
171311254
171321423
171467861
171713056
172100375
172260346
172409494
172462385
172620717
172633554
172883389
172972962
173072574
173183225
173551518
173576008
173908547
174190450
174346595
174470092
174678835
174860502
175490623
175676657
175789654
175810285
176307946
176522878
176859769
177034974
177440005
177662251
178156192
178226120
179061284
179098943
179582271
180388867
180424644
181366667
182423610
182932350
183000933
184125605
184558450
186211759
187304708
187313324
187368860
188429642
188777993
188814638
189018771
189052762
189363538
190785708
191893027
192689494
193169601
193565568
194282365
194465818
194751742
195697930
195985967
196284130
196601361
196754236
196775632
197314758
197672091
197754971
197784997
197802725
197828416
200019232
200050654
200055268
200170160
201072589
201161094
201410217
201546518
201831345
202883882
202973926
203757870
204152436
205173770
206687554
207098569
207129899
207147231
207664308
207751674
210130303
210211287
210286924
211215976
211769317
212297810
212939969
213119183
213833603
213854076
214078004
214771118
214862937
214949351
217215466
217798861
217830733
217964465
218625123
219099390
219786885
219868591
221356021
221611390
222430525
222762509
225819030
226650622
227192076
227832430
229946241
230030628
230180816
232745054
233087164
233712091
234965141
235046429
235217982
235297540
236340869
236533221
236778615
236940863
237236576
237360695
237827511
238168073
238397667
238646183
238684225
239156664
239191088
239998046
240082895
240148281
240291458
240653222
241572965
241665114
241864238
242022031
242241875
242805842
244274363
244293501
244654440
244937426
245751895
245894737
245919203
245972304
246152581
246234146
246712521
247410329
247848485
250099241
251640286
252150756
252227907
252504753
253216631
253236722
253277020
253964963
254639612
255317771
255655811
255760793
256140149
256147267
256504483
257182011
257474461
257478272
257655400
257910943
258122777
258254384
259832135
260042755
261213097
261460572
261714439
262817032
263109829
263478575
263890521
263913979
264274424
264596998
265615887
265752551
266006505
266740080
267750004
267979739
268612821
268624773
268808825
268820590
268836803
268858713
269019276
269481896
269701129
269782964
270687536
271011168
271014020
271710695
273015726
273440344
273937217
274485400
274706781
274867556
275271005
275721902
276332901
276360505
277197605
277580262
277891907
277936028
278054000
278122964
278147789
278488981
278530845
278596618
279501442
279560479
279671364
279832541
279901629
281898270
284015446
284976227
285077922
286081316
291604369
292728750
293018037
296888785
300816331
302169424
302547141
302596854
305525577
306123779
306679083
308082090
308410869
308648892
308900006
308943139
309556783
310908936
311926515
312351322
313618955
313910652
314358309
314405829
315278853
315984789
317127283
317173013
317531674
317561834
317869824
318101379
318223338
318617292
319936855
319976364
320002580
320708139
320743227
320883755
321093287
321252107
321517437
321940061
322152892
322216684
322554739
322887400
323755902
324508601
325068266
325641180
326581430
326985548
327455753
328191537
329938373
330025512
330249088
330620525
331582172
332025383
332351972
332750856
333381801
333446295
333711823
333781275
334186709
334348086
334499016
335090138
335987131
336117383
336870490
337074503
337167855
337709625
337775649
338460293
338469517
338844991
339988239
340920153
341198740
341411035
341615418
341625013
342127324
342370179
342996145
343127254
343343514
344465620
345830107
345851606
345957699
346010575
346230656
346312662
347017315
347073974
347519305
348021966
348057737
348484230
348568333
349062086
349381944
349905241
350384031
350771003
350892941
350942518
352129601
352131866
352820534
352850949
354109428
354751465
354982608
355237897
355539370
355786408
355956287
356289569
356298585
357581553
357943286
357997334
358210966
359209893
359369646
361007525
361158103
361215424
361466355
361953270
362034846
362654362
363664822
363722526
363929420
364062364
364097783
364268258
364878095
365170579
365537661
365590267
367569991
368055133
368198872
368484447
369137688
380778616
381554082
382306179
382403832
383027927
383086872
385987959
388653649
396860437
397811261
399332515
399802430
399803595
400804734
401561079
401789622
402436001
402772451
402989177
404562508
404570760
405396031
405985907
406238917
407296032
407357839
407473159
408815760
409786274
416708811
416819499
417849657
419619606
420037325
420039452
420040646
421303750
423139980
423452493
424064064
428513090
432373928
433928466
436166187
437113824
438060177
439915054
439917318
442895326
443851380
445141745
445303619
446058108
446334838
447204243
447302487
449564606
453536216
454505861
456329369
456653591
461399139
462079119
464547415
464693579
464825573
467583746
468761334
469521618
470251129
470643122
