157601
230190
341540
353940
961392
1055575
1137210
1192108
1208717
1288267
1775599
1799453
2184711
2197075
2198277
2202165
2212934
2216519
2217686
2229987
2235372
2241598
2258931
2275824
2277028
2324924
2329536
2729079
2751181
3133609
3229582
3434840
3496058
3529938
3678211
3792173
3860544
4607634
4856974
4997098
5293381
5562477
5606644
6232917
6387758
6839383
6873997
6968433
6972853
7022039
7027449
7156545
7225306
7235437
7238479
7239875
7244140
7246593
7258755
7271912
7284912
7290879
7292681
7297121
7309233
7310480
7342806
7347929
7367605
7369143
7385697
7392110
7401638
7643977
7650675
7653760
7675771
7679506
7692060
7693796
7704547
7707503
7736648
7739558
8072924
8079868
8086048
8605084
9679749
9729293
10632679
10889886
10892486
11864033
11923451
11998360
12031192
12065242
12179521
12263217
12267411
12423048
12480137
12505931
12544630
12617634
12886750
12896449
12896474
12903482
13686093
15289729
15343289
15744511
15774825
15774895
16285716
16883482
17613958
17876749
18810061
19118230
19265437
23027451
23174700
23238609
26994400
28249195
28249286
28342453
28494313
28962229
28962229
29528797
29861361
30182184
30220408
30231947
30587216
33412791
34396989
34645530
35470346
36252000
36339648
36946928
37853914
37866523
38008843
38198047
38382667
38397223
38736742
39855038
39865796
40890068
40916924
41245545
41298967
42094567
42114881
42270972
42376858
42459521
42817303
42817304
42899487
42905475
43037762
43168054
43342672
43794994
47568671
47646612
48068723
48215939
48667981
48849575
48926120
48945880
50110053
53002605
53981885
54960574
54979270
55125767
56565929
56750752
56818164
57014995
57275522
57340661
58297828
58417397
59646205
60256119
60793578
65074716
66053378
66347670
67481558
67529491
67779691
68249058
68459501
68968467
69105646
70592649
70674533
70675505
70749681
70885546
70893507
70950934
71051929
71606413
71633516
71644808
71664044
72214857
72317739
73023865
74054668
74060293
74062306
74714886
74715229
74717711
76677052
78508084
78686741
80443378
81147070
82659597
85871425
86065317
87567593
88564623
88643090
89167012
90170917
90553404
91421046
94699621
94981572
95432211
95593705
95607398
96011379
96257178
96789916
96885842
97085863
98542181
98591094
98600754
98618493
98619083
98641119
98727478
98746476
98761227
98854867
98937149
99003924
99035194
99721679
100158314
101201452
101436651
101438777
102295319
102327320
102490179
103957084
104483101
104802251
105089117
105560938
105561018
107768622
109138431
109172064
109187994
109497788
112219494
114843286
114927394
115087077
117401060
118873778
118931697
119329258
121590238
122785746
124445372
124760536
125104341
125242005
125252929
125419373
125517185
126696737
126946284
126946827
127068018
127282056
127282056
127374859
127430596
127976632
128396638
128396881
129725635
129762775
130220342
130389671
130615020
132268349
133561578
134642561
135404112
135686665
136287293
138839070
138912548
141501020
141655500
141689288
143093368
143094386
144706950
145129180
145271520
145612942
145654340
146300408
