572355
604257
645726
823109
1568103
2346194
3471269
5849375
6382358
6602562
6694397
6744920
6966429
7249514
8204507
8279623
8328851
8806126
12217979
12890865
14225457
14670891
15023722
15030987
15040434
15051834
15397571
15829486
15835635
16975952
19168742
19175725
19228089
19385249
19440137
21127852
24158519
24322782
24930002
26814656
27106617
28198164
28464462
28813342
29962430
31625557
31625557
31995895
32076178
32081833
32096711
33392616
33567041
33673255
33696526
33810671
33817141
33824759
33828799
33981303
34024342
34102051
34139285
34172927
34297639
34825164
34826432
34827417
36027602
36256275
36332575
36481169
36482444
36507275
36519373
36526615
36568465
36582018
36582042
37154300
38209550
38210499
38388808
38547686
38557125
38568828
38569650
38584943
38601010
38607205
38614416
38666571
39105253
39143446
39160157
39163922
39409153
39431219
39450165
39485502
39749557
39776781
39799228
39813029
40514561
40532710
40830586
41556351
41614446
41726705
41971293
41980826
42610315
42723562
42896524
42923408
43329078
43349972
43459586
43474562
43504433
43516160
43661761
43670770
43675351
43761205
43778628
44025148
44031539
44159404
44197552
44224440
44231180
44255384
44259434
44369202
44438427
44523873
44732729
44781289
44794463
44801548
44815738
44839030
44862791
44865094
44897058
45219460
46758632
47162168
65972843
66266877
66333802
66380117
66454823
66475312
66590842
66690633
66817953
66916931
66984556
67041272
67274381
67302145
67936584
68151149
68295082
68323659
68342156
68353287
68372049
68400812
68403363
68404332
68404397
68404447
68410843
68412149
68427044
68480474
68481120
68499467
68501055
68684624
68730028
68996035
69038658
69065721
69106686
69177791
69178792
69802631
69810692
69835878
69837948
69894042
69900566
69994147
70167959
70168558
70172670
70986519
70998691
70999831
71003937
71016861
71025210
71030133
71239907
71723427
72013506
72023656
72102836
72863655
73044466
74364514
74779906
75086571
75086853
75153207
75175923
75216304
75221919
75222507
78961587
79087965
79215674
79397288
79672013
79696641
79696808
79775787
80695849
80713762
83215751
83616367
83739231
83739231
83816095
83969779
84273045
84277591
84315009
84362558
84559232
86292907
86434732
86468414
86472212
86964271
88392340
88414319
88437371
88441662
88704796
88790146
89004602
89272334
90483697
90547728
90557073
90694551
90757035
90885009
91103956
91673859
94461147
95310507
95338667
95938193
96211592
96968344
97069546
97073835
97079827
97132337
97137906
97155034
97160263
97165625
97174271
97251919
97608367
97700282
98328011
99031003
99053185
99229215
99670480
99677438
99687763
99761583
99855868
100497720
101481438
103465850
103559706
104723617
104895859
105774470
107365074
107724557
107781828
107833025
108337459
108523628
108943042
108963618
110230488
110322796
110402446
111889591
112939501
113850166
114148427
114150057
114242450
114250750
114717380
114759989
115080412
115188610
115292425
115821299
115873838
115970160
115979491
116419787
117083808
117088198
117091570
117093262
117371414
119410287
119878363
120570266
120696739
121115340
121258249
121267464
123143426
123435242
123512046
123628820
123794070
124019011
124265709
124844808
125561240
125561249
126048350
126079317
126922059
127322111
127553019
127663981
127768905
127958536
127991831
127994390
127995636
128089017
128132772
128243266
128496760
128632772
128740209
128780423
129242281
129247912
129528428
129761834
130183303
130765798
130793532
130803370
130989455
131201520
131209676
131299734
131507478
131633192
131640421
131640623
132023841
132547163
132827948
132884189
132912715
133479317
133847951
133976552
134178715
134261401
134262475
135176735
135342531
135891055
135960787
136485902
136829621
136849359
136880019
136984522
139301020
139302651
139679974
139768649
139893200
140047496
140339019
140522185
141062551
141068692
