181742
235498
292136
377406
446110
527299
532672
690206
690536
763976
856377
967316
1176189
1241120
1453417
1462401
1485546
1529987
2212142
2828880
3005177
3173016
3233038
4262107
6213866
6380370
6410463
6704622
6724821
6823547
7701396
7707882
7827455
7853037
7953320
7962490
7984533
8030638
8052235
8053303
8152586
8159627
8319023
8324811
8365053
8369626
8386523
8393685
8404532
8440172
8444724
8463191
8469778
8475711
8480615
8509097
8532149
8546262
8785627
8955108
9026627
9124307
9131712
10273358
10317837
10405478
10496371
10568929
10570645
11260588
11509154
11520908
11524364
11524397
11525612
11563388
11563407
12412176
13075087
14317735
15568414
15568522
17180137
17879290
18183170
18246922
18814918
18934774
19455833
19495942
19631574
19704695
21619896
22346663
23304898
24324263
25052784
27144339
28224049
28656928
28808130
28907226
29400848
29693854
31218172
31245271
31258769
31488825
31776110
31838245
31844059
31930106
31995005
32043587
32143856
32431933
32830846
33501008
34230011
34621553
34769847
37880263
37962041
38054611
38059196
38128979
38607030
40538470
40540629
42098852
42739542
42850067
43107864
43833861
44209269
45606724
46002172
47641951
47788459
48461935
49031675
49063416
49198229
49642644
49843222
50271276
50395830
50395837
50563554
50600908
50696293
50697558
50769536
51149731
51201588
51427404
51440474
51440680
52523581
52524268
52870981
52874088
52883675
53419925
53474546
53551139
53551206
53788628
53813034
53813098
53834738
54040533
54083836
54291716
54291804
54517293
54640374
54684375
54714660
55170118
55302510
55480802
55540488
55550844
55989565
56344287
56528538
56541780
56609865
56820593
56827055
56976628
56977171
57046233
57092955
57174399
57206203
57360294
57507921
58433975
58651659
58848334
59774770
62321651
62513637
63030874
63933496
63949813
63975685
64000217
64039723
64048623
64053020
64073717
64078704
64088058
64089236
64099206
64111247
64117733
64137314
64260926
64619933
64772834
64938550
66688045
66698637
68039214
68174166
69180645
69266222
69277805
69316938
69568184
69635660
69851412
70023659
70033143
71333472
71334957
71336899
71760667
71965445
72122078
72211633
73089726
73898920
74108871
74109180
74334139
74371094
74742633
75152682
76187852
76513426
76560157
77625872
78264145
78353724
79254138
79254139
79825496
80239438
80239506
80485198
80507071
80848157
81428234
81444394
82700808
83664926
83675070
83940745
83984348
84098505
84134500
84405912
86428657
86900921
87205120
87442933
87450590
87936491
88077401
88335122
88335122
88338138
89101715
90746675
93282467
93467371
93717478
93790506
93826899
93981361
94933606
95251284
95278784
95303295
95893813
95978494
96094156
96474989
96787749
96871101
98073212
98660582
98952809
99015947
99810460
100142183
100143343
100306350
100616051
101819249
101841419
101934595
102009740
102017252
102214817
102321294
104420000
104420000
104708559
104955614
105487190
105487210
105494266
106561406
106561892
106864310
107330554
109127520
109321372
109549382
109582608
109845424
110022660
110423357
110514150
110824044
110833764
110854670
110866146
110878663
110958481
111046990
111267626
111917228
112017865
112061457
112128586
112202839
112427858
112479327
112508008
112581503
112795872
112817077
112822352
112831393
112861689
113581454
113620758
113656006
113656172
113825988
113885199
115540302
117185913
117506287
117552228
118207623
118266519
118320620
118364873
118495201
118564941
118641939
118771665
118776596
118776627
119100498
119101734
119205747
120081392
120081510
120339679
120556985
120714097
120723097
120850752
120897653
121315816
121616404
121735706
121799080
122044504
122047878
122047910
122049208
122058006
122116624
122121444
122124368
122127702
122135134
122154641
122171807
122221260
122304297
122346160
122351463
122462462
122647059
122853786
122891237
122915484
122931151
122996415
123131971
123140598
123282449
123292920
123318540
123656008
123704101
123856783
123912961
123934992
123994097
124046378
124236727
125085968
125367795
125486043
125503581
125936628
125937631
127325775
127432411
128433322
129350939
129392414
130006675
131522452
131629624
131898945
131966058
132071239
132145105
132176875
132402422
132668491
132668543
132676010
132926216
133036682
133036703
133321463
133339115
133349406
133368628
133476804
133704922
133839905
