222995
385819
738831
794894
1506870
1555325
2456456
2906223
3165658
3252407
3422450
3487375
3753634
3882829
4269532
4798854
4965142
5004269
5600635
5716455
5721346
6068156
6931417
7389431
7392167
10096632
10128396
10369527
10419971
10436324
11488864
13644752
13866570
14680797
16002715
16239573
18097725
18564384
18602789
19747666
21239620
21940488
23677265
23710497
23766539
23772767
23798655
25586072
25682125
25751945
25765217
25831118
25865437
25870874
25877804
25881490
25892683
25898377
25907529
25909450
25992339
26014795
26033485
26066139
26083822
26107718
26272554
29430409
29431725
29444669
29450310
29456695
29469152
29474310
29477596
29480440
29482771
29500214
29500642
29508348
29538798
29545484
29563862
29574650
29582484
29582578
29597822
29629097
29635100
29645820
29819944
30112440
30143528
30143669
30220819
30343497
30576338
30963655
31715568
31909662
31928274
32003671
32037961
32101014
32309184
32409090
32466854
32493996
32498380
33124809
33744046
34004690
34114567
34158036
34268476
34276346
34339585
34475980
34658257
35043641
35053219
35268016
35310285
35574698
35574749
35601165
35606089
35631604
35659174
35677323
35747251
35878077
36248972
36942101
37263911
37527310
37724358
38351833
38895358
39623490
39816036
39906404
40344964
40349431
42070895
42222985
42334378
42363795
42605810
42629437
42925118
43500655
44215395
44286062
44435881
44449149
44508406
44544753
45829957
46008899
46110367
46170154
47132610
47207987
47210795
47279877
47490910
47819377
47844866
47845293
47947786
48321538
48404740
48417908
48539531
48580674
48584366
48629952
49085675
49425723
49522615
50278952
50279263
50342565
50444935
50736232
50812217
51778971
51958387
52078618
52126276
52165371
52511483
53744429
54342628
54912206
55172113
55223892
55259311
56070716
56120226
57266605
58059207
58143502
58144625
58144747
58146047
60292818
61018347
61186054
61380859
61490043
61675389
62118574
62137916
62145511
62546236
62547997
62554416
62917278
62953636
