752328
789502
794583
1212132
1574363
1580958
1597401
1812861
2482399
4070898
5157839
6083127
6429725
7091000
7628365
8005670
8287102
8464510
8775377
8789650
9032522
9167722
9202809
9229400
9278198
9447372
9819556
9987811
10065762
10068176
10068329
10216845
10350741
10389711
10547581
10560439
10902307
11057348
11074905
11117528
11133935
11147013
11301218
11374625
11555348
11832531
11976519
11977664
11978494
12195376
12847543
12889719
12892669
12907882
12951612
12980115
12983786
13169354
13178034
13201453
13205210
13370637
13390510
13466130
13472558
13480290
13503207
13710242
13728373
13981475
14251372
14495163
15233899
15370286
15791482
15884681
16155804
16214676
16220067
16565083
16654369
16659848
16659861
16734109
16843241
17004302
17026532
17032758
17039639
17048077
17050077
17111105
17219074
17226694
17264297
17272171
18030184
19351899
19457751
19588151
19614065
19838092
20836487
21101596
21659094
21808308
21820163
22077479
22091207
22373273
22605415
23315772
23596006
23714613
23802646
23843287
23946765
24042375
24404869
24494355
24564946
24847243
24950227
25110461
25603247
25629949
25736168
25901939
25953369
26045980
26422670
26710326
26807391
26835924
26960296
26982797
27167133
27405171
27406685
27521321
27583538
27798627
27798933
27824770
27865150
28037702
28047287
28069815
28416183
28651334
28684971
28695345
28710955
28719151
28833084
28947097
28957800
28995558
29002226
29017360
29174854
29201554
29876332
30037498
30038533
30984664
31130189
31523112
31609906
31805729
31879180
31886273
32535638
32562852
32563133
32586515
32651789
32953625
33047109
33100037
33135267
33577671
34114148
35489309
35489488
35529384
35722256
36715560
36863026
38167723
38213650
38254872
38433387
38474603
39242082
39403930
39443346
39706270
39848556
40000744
40001196
40054706
40180943
40228941
40235490
40265204
40382983
40516286
40893019
41081733
41410467
41552562
41995734
41995871
43162522
43162522
43297324
43678509
43798660
44101299
44135489
45199808
45332070
45372275
45423435
45557222
45813042
45866686
45885196
45937141
45937764
46170282
46199740
46201791
46202177
46207914
46269740
46698175
46701871
46819345
47244835
47258364
47308037
47313694
47347694
47351825
47536676
47538608
47540650
47570902
47780701
47820267
47832743
49747862
50386557
50436584
50521504
51111507
51146361
51396576
51661676
51928664
51957552
52209463
52213509
52460586
52460843
52556416
52624667
53008898
53109336
53593018
53593164
53874729
54080624
54264997
54292939
54358182
54363137
55029744
55396755
56813217
57020251
60188905
60681220
62572077
62589906
62686073
62911598
63503363
64206824
65131456
65131612
65468859
65713353
65921551
68469798
68696274
68704090
68936875
70720256
70812758
71008638
71577798
71606117
73867426
76293362
77246129
78253910
78398653
78398723
78596113
80793992
80798246
80804536
80959949
81622692
82105324
82160376
82374545
83618276
83626961
83644305
83655380
83736726
83772607
83778892
83814013
83841360
83849254
83926234
83932890
83943210
84356393
84356393
85105909
85445931
85982614
85983766
85990381
86000572
88476668
89349753
90279296
91761636
91896603
91983650
92285961
92286124
92854915
93138959
93334635
93407496
93886174
94616805
95163380
95521516
98052409
101141452
101275245
101276316
101284775
101756583
104148847
104180296
104185188
104189697
104248265
104252483
104265641
104270833
104272795
104287842
104290569
104291665
104858518
105103317
105113850
105228092
106052012
106841117
106841189
108756658
108781214
108790467
108792508
108799546
108802250
108811888
108818330
108825124
108826646
108849951
108910753
108932485
108934988
108935994
108942755
108955794
108960741
108969748
108981301
108984298
108999113
109229192
109605557
109605736
109685659
109696638
109697471
109828920
109879177
110236737
110700174
111400144
111633184
111803651
112760332
112919756
112935684
113127217
113302850
113325586
113532365
113553261
113607123
113607899
115064993
115195205
115392715
115406577
116196151
116221598
118924655
118951034
119117153
120683776
120687996
121149386
121196018
121220981
121302198
121303084
121303989
121353341
142536880
142543557
142619335
142697212
142809018
143135113
143209723
143419169
143659329
143980550
144004861
144046719
144048767
144481146
144864988
144867641
144869130
144872294
144873402
144874799
144875980
144881551
144886410
144888832
144890147
144891710
144909571
144914639
144921539
144923917
144928484
144929940
144932739
144936940
144940846
144943016
144945684
144947765
144987734
145092416
145149354
145166257
145172739
145381922
145392551
145446578
145757190
145764455
145772530
145784726
145796697
145806804
145816210
145829751
145830865
145885037
145946155
145976170
145994168
146010082
146013696
146111726
146123216
146144776
146328681
146358520
146498171
146512374
146515839
146644642
146688607
146844601
147396831
147418278
147436427
147493704
147513457
147532052
147559736
147641866
147672773
147675736
147683127
147687919
147691076
147702480
147721988
147726860
147770255
148556156
148674392
149024062
149030392
149033457
149225641
149274817
149328857
149343141
149439405
149794364
149800097
149810315
149834183
150015254
150183634
150312269
150429472
150433031
150639004
150646959
150671149
150824450
150985312
151051489
151647324
152377628
152972579
153683142
153801969
153966308
154339483
154346561
154443092
155078019
155118410
155388712
155413654
155413936
155499136
155531261
155542710
155568371
155577315
155582602
155606930
155750489
155786874
155874871
156062348
156101213
156295383
156309267
156419020
156723413
157138332
157214466
157830853
157902881
158190031
158283591
159015334
159927497
160360648
160674075
161151572
161395973
161396168
161409054
161502406
161519200
161523203
161528386
161534232
161536811
161549361
161551789
161554170
161606248
161618347
161626666
162446240
162452473
162487473
162576085
165775225
165907569
166375398
167013619
167712712
168115321
168115399
168413796
169634912
171695370
172282488
173230830
173348106
174616411
175967535
179057553
179288416
179393926
179549818
180419011
181395099
182342871
183106297
183120408
183427185
184343429
184622960
185834764
185834854
187733237
189704991
190698546
190703987
190998283
191036232
191267836
193103471
193967216
196728644
196755988
196791761
199437212
199938190
199974347
200651344
200744697
201420686
201584401
201890372
201891040
202270801
202271022
202786224
202902088
202977480
203614824
203752454
203885820
205071068
205377616
205535708
206135137
206216540
206283552
206494168
206523838
206533545
206561242
206580460
207379139
207711361
207725185
207738995
208101191
209046529
211151606
211168806
211328251
211375868
211952205
212357640
212681579
213166490
215789053
218247260
218776553
219774324
220029744
220157127
220224802
221473328
222153553
224078587
224382861
224383202
224384580
224385849
224405639
224428262
224578390
224578885
225904967
226006864
226252450
226945524
227144737
227450770
227573145
227608653
227685026
228742572
229174200
230872275
231378585
231505588
232009761
232914607
233552788
234625968
234914541
234947465
235165836
235263120
235551785
235552726
235688394
235819208
236287720
236517125
236565285
236667194
236745591
236825955
237534212
238486161
240229912
240267347
240267427
240529827
240656853
240859366
241301480
242227171
242441893
242446970
242456235
242671575
242822267
243132659
243147256
243283781
243285146
243343772
243347329
243551236
244688711
245096601
245227245
245367941
245393647
245499531
245537439
245620717
245656132
245656413
247013733
247015486
247153326
247255891
247259159
247822230
247971111
248335739
248599561
248608431
248611220
248616684
248618199
248619200
248624144
248626466
248628502
248630227
248634248
248639369
248641649
248659049
248660980
248662386
248665155
248689339
248697083
248720260
248723678
248822016
248827164
248840831
