213647
475464
537281
704127
710342
715279
732479
746132
756066
773140
779312
782864
787633
847578
879106
1046889
1330841
1609363
1618365
1643506
1697423
2054680
2098267
2098267
2102391
2146997
2336194
2338398
3755185
3755279
4188845
4191180
5626037
6565250
7192887
7977443
8018837
8738684
9711098
10002241
10569074
11573280
11573402
11643656
11643883
12819631
12968235
13844456
14865268
14940382
16644123
16649441
16662437
16748025
16824839
16852175
16983860
16995330
17174626
17236140
17236376
17507341
17507341
19147463
19151778
19509017
20239383
20699480
20709379
20745940
20754160
20763271
20777822
20791788
20819682
20830370
20916272
21273535
21285812
21323721
21364066
21379175
21388108
21469537
21475453
21530029
21539671
21549386
21947436
21954361
22002783
22007269
22146054
22150852
22178128
22948902
23571150
24076728
24121313
24294097
26831275
27151161
28894787
29668256
29674886
29680125
29692506
29794736
29850383
29956107
31789836
31829261
32072633
32574163
32675808
33430345
33645057
34093967
34126177
34139948
34153962
34216410
34307938
34340277
34341229
34361874
34370214
34440612
34723400
34798294
35088022
35596560
35712007
35716879
37032673
37290351
37367737
37448029
37575230
37680042
38507701
39829055
39914131
40048335
40104767
41323074
42103250
43005857
43217840
43328253
43797288
43958849
43967626
44559490
45376519
46384558
49452068
49457052
49581864
49603190
49606805
49666032
49701629
49702308
49791845
49836848
50034544
50034544
50697847
51388248
52264159
53601308
53703461
53703542
54045283
54308089
55276294
55328686
55372595
56486500
58495111
58501533
59346536
59857392
60162866
60257693
60257754
61517667
61545877
61928717
62100811
62676875
63395949
63721134
63772415
64010771
64076583
64567215
64947849
64996512
65002264
65020807
65259588
65695086
67336950
67486948
67996829
68534930
68676203
68725968
68849782
68851421
68862366
68882020
68895722
68897166
68900534
68902579
68904763
68908781
68910128
69304433
69314201
69354101
69374087
69408933
69423460
69715978
69733098
69753981
70162132
70222421
70224330
70225505
70228443
70262438
70272638
70344152
70390189
70391339
70397441
70762980
70766984
70777262
70789187
70796518
71039767
74248305
74248534
74564268
76157643
76163592
76285245
76987440
77735251
78159501
78459813
78486598
78486813
78550136
78977115
79561056
79605875
79612300
79790520
80439676
80589334
80600432
80960424
82225035
84414712
84437521
84508062
84941217
85507773
85568133
85605229
86183475
86183562
86367339
87291770
87619244
87619250
88516384
89361229
89449866
90264907
90619877
90830321
92680763
92682038
93990099
94020506
94747878
95694153
96014460
96665454
97052594
97086807
97571834
97575845
98749512
98759619
98765363
98807873
98813296
98817543
98830961
98912823
99012430
99199170
99392422
99419627
99433840
99434749
99439502
99674921
99694915
101450136
101636315
102115602
102324421
102324421
102436115
104803043
104803043
108783270
109818270
111845210
111868650
112184393
112380501
112426527
114882523
116027969
116876463
117250887
117387005
118400385
120414973
120672526
122578185
124292708
124372751
125326295
125780794
126064208
126071400
126075634
126888986
127081773
128302777
129511252
130529612
130590446
130679280
130882218
131489828
131884937
132256170
132289034
132308804
132363466
132507286
133239147
133514215
133635792
133654123
133976786
134081793
135708277
135709316
136283014
137189014
137250823
137472509
137623827
137811599
137819059
137819096
137829421
137862599
138201954
138918657
138922681
138965527
138965872
139317958
140208018
140562580
140562580
140566864
141215467
141369350
141428247
141435159
143155655
144269498
144707481
145270006
145561757
145626814
147319782
147503019
147705241
149817943
150034585
152126442
152570034
152570970
152586913
152679206
152711525
153915017
154050153
154076983
154547186
155832953
156393653
156485396
156509041
156517459
156851755
157123543
158615156
158615196
159467947
159618931
159667875
159889206
160930717
160998725
161070398
162592942
162847042
166119511
166170411
166691188
167996372
168912319
169542881
170516842
171499805
171896687
172168838
172605818
172713597
173126030
173126908
174286164
174351912
174537182
174605164
174925260
175346549
175348207
175404621
175409761
175434445
175471588
175474419
175528089
175628703
175649815
175658158
175662394
175664239
175668368
175696577
176061830
176373634
176604364
176714510
177002774
177060721
177085070
177098071
177123807
177141217
177146762
177160860
177168735
177242191
177253001
177289985
177312389
177320757
177322392
177323282
177358716
177429560
177517718
178108974
178130983
178259078
178378056
178755159
178755241
178939711
178961711
178972225
178979620
178993766
179056876
179100219
179113292
179277561
179787104
179850062
179916179
180714822
