168108
209717
487017
870160
1244238
1371140
1383364
1465784
1532585
1630313
1723279
1847814
2046316
2323724
2421735
2707554
3564436
3740669
3770200
3804752
3839573
3841513
3852366
3912029
3915676
4038952
4178400
7814272
9282663
9306433
9306498
9927917
11341912
11862502
12737176
13736380
14115434
15336028
16702653
16809916
17076375
18852234
19029695
20221612
21245810
21962763
22092016
23020854
23696663
23939311
23983259
24052549
24090248
24159947
24180358
24216892
24383063
24392235
24482396
24537697
24632068
24684715
24689230
25336718
25902826
25938922
25939037
26352681
28409399
28546988
29129030
29433577
30035342
30676417
30812103
30813567
30815609
31405933
31411610
31736460
33167483
33528834
35584451
35584457
35636962
35854010
37005484
37363979
37365036
37446739
37451445
38621085
40418518
40645457
40867733
41065355
41147069
41175238
41217630
41294567
44347506
44355593
44410349
44451343
44456566
44532730
44555129
44555246
44558182
44598057
44628035
44637404
44994667
44996751
45917494
45963106
46174913
46725362
46976025
47714387
48224695
48424240
48740426
48876515
48941667
49096959
49173697
49376602
49823904
50045413
50895984
50919907
50920515
51413239
51415178
51417405
51425700
51428752
51444625
51450837
51797813
51801374
51839356
51863358
51935689
52226232
52228186
52260733
52503447
52506386
52530050
52543945
52545237
52675695
52709668
52737731
52747960
52793235
52820452
52921134
52928362
52929549
52931976
52934541
52944418
52945419
52949687
52999046
53002539
53062545
53168414
53418010
53487248
53773672
53776302
53948600
54142244
54424182
54729133
55069354
55112076
55113422
55489138
55490237
55524685
55526571
55528236
55539232
55836817
55968769
56205090
56357433
56374947
56456911
56468189
56659019
56671758
56803404
56926850
56980950
57145301
57146714
57179184
57487562
57503280
57740833
58522895
58562396
62362364
62368499
62383499
62385223
62406767
62422802
62426358
62427924
62436191
62445728
62452723
62459053
62461609
62469991
62593004
62714454
62828289
62837512
63085802
63281965
63588012
63588030
63722664
63821401
64605196
64626586
65399634
65645317
65782581
66161754
67445208
67570822
67695161
67783955
68260347
68677597
69050360
69589307
69613914
69739875
69947081
70007370
70529131
70630157
70713263
70904243
70908152
70939118
70954366
70958338
70969137
70975007
70977507
70986897
70988980
71005321
71042678
71375517
71456276
71962841
71975627
71993557
71995774
71996843
72002813
72013256
72016999
72021378
72045223
72054372
72055206
72065962
72075913
72084889
72095399
72097235
72098236
72100675
72115363
72121184
72122002
72129744
72131570
72135121
72150929
72154941
72169700
72172009
72175125
72192297
72194563
72219339
72273205
72296586
72333054
73104068
73116854
73912787
74102741
74479167
74812491
74904620
74987894
75149920
75214748
75272437
75435178
75479234
75495155
76000143
76116106
76143913
76150909
76315962
76421790
76494322
76538561
77098259
77103368
77134289
77434995
77626895
78761978
79635552
80164612
80668464
82540084
82781264
84100125
84110088
84135655
84137759
84331095
84498150
85004699
85012277
85543399
86230451
86377178
86694606
86811801
87735849
87740374
87845065
87963424
88455178
88506335
88631878
89321521
89710395
89712034
90027612
90109330
90579883
90875463
91605470
94049852
95845156
96030337
96316815
96508575
97176417
97299037
97299124
98546499
100273857
100314595
100360502
100589755
100856975
101300457
101469964
101494105
101506385
101509780
101518662
101527480
101529545
101532010
101534637
101537991
101549148
101553421
101558582
101559801
101562882
101563970
101571709
101577138
101580404
101581979
101586125
101617962
101626251
101627922
101628981
101650406
101656315
101667561
101683994
101694013
101702920
101716939
101718193
101719122
101729584
101733873
101734859
102877113
103308870
103310504
103791469
104283560
105475292
105518063
105729357
106618348
108015782
108019740
108259839
108420680
108988742
109882191
112165440
113296099
113922587
114539957
114958828
116263799
117185246
117185275
117577790
117609807
117768839
118057838
118296398
118297229
118592680
118848089
118920108
118931908
118947855
119028009
119086143
119092618
119132839
119186314
119187846
119191526
119198085
119215558
119217645
119288516
119297049
119299311
119328330
119755128
119755223
120069625
120590802
121131935
121949979
122501647
122766423
122795383
122951825
122978374
123001778
123033160
123051797
123067683
123192171
123264604
123352051
123819770
125909663
125913486
126928587
127115069
128538167
128703827
129510266
130270121
130604095
130782755
130817199
130899165
130934066
130935125
131370846
132278167
132726326
133939745
134107261
134255879
134265892
134267702
134280118
134282316
134284067
134350428
134353389
134366557
134370709
134380373
134385258
134396199
134807925
134919977
134970360
135166965
135182695
136215445
137047799
138981447
139301917
140073039
140100626
140116535
140131487
140137916
140163211
140164379
140208867
140577560
140586836
140596672
140607468
140689169
140999391
141196977
141277096
142489453
142545917
143165637
143167794
143202783
143210521
143213085
143221375
143222382
143232537
143287243
143558823
144324182
144799940
145170457
145174119
145887945
145894798
146052308
146267095
146282728
146366166
147254839
147439354
148265571
148631001
148632171
148662800
148665363
148670471
148679267
148752219
148758044
148815858
148822039
148822991
148862230
148864944
148867908
148870995
149089923
149100326
150192254
151856379
151861553
151887892
151917816
151927063
152246485
152393049
152394052
152395156
152396165
152401350
152408083
152414039
152526034
152530276
152540815
152548640
152549641
152552346
153348669
153354111
153354717
153416363
153425236
153455887
153489458
153496781
153501887
153506567
153516295
153522947
153645476
153790243
153796221
153798481
153802051
153851275
153853907
153867309
153898335
154115060
154116685
154425042
154568517
154568517
154574958
154575992
154579503
154584313
154584656
154597238
154602024
154658678
154697835
154705274
154727659
155237678
155240788
