11210
1599574
1833931
1837617
1841774
2790147
4903846
5244192
6080867
7257039
8543834
9552177
9650893
9856624
9926203
10629859
10841113
11227809
11313194
11514391
11607497
12711580
13139358
13679169
13887843
14631945
14704077
14983210
15926774
16226641
17457222
18782317
19783694
20395201
24179499
24628448
24760180
25002305
25235580
25274121
25417644
25512086
25853714
26008494
26135252
26252179
27188329
27414344
27641342
27769965
27868170
27981428
28008334
28411850
28593073
28892249
30807817
30872914
31144944
31718472
32175649
32333980
32651471
33095728
34081837
34129339
34177019
34323183
34403886
34698177
35402113
36330582
36331697
36335706
36894494
37103834
37388425
37976510
37977599
37980627
37982073
38192402
39050926
39252569
39340505
39362657
39362908
40250906
40343521
41617762
42119306
42340199
42382029
42643960
42687122
42711756
42733577
42760972
42777042
42783351
42836016
42974341
43441272
43459514
43493075
44386030
44409968
44475790
44480670
46651004
46854010
46972568
47241747
47577406
47665348
47764711
47923948
48563445
49351531
49429638
49443023
49670952
50507259
51775032
53947254
54296466
54759305
55397732
55397858
55584527
55595234
55854373
56099299
57454056
57502030
58539719
58571240
58576555
59623162
61198032
61198037
61631228
61740705
61802705
61861554
61963447
62544364
63757490
64535812
64657526
65635845
66471420
66841941
66848104
67252031
68164196
68170821
68632866
68675782
68824539
69603150
69650086
70443418
70570011
71321810
73009255
73748587
73789742
73789970
73941940
74012429
74113137
74353834
74407330
75625676
75625676
75825693
76293322
77901387
78396055
82036170
82130377
83212719
83567014
85317348
85818887
85868057
86388932
86455711
86889823
86932764
86959551
86963592
87059105
87108846
87137217
87254758
87287724
87291554
87295714
87310176
87329770
87335633
87376445
87439429
87460383
87466222
87479296
87502623
87504427
87507980
87518754
87526975
87538564
87542420
87740426
87779272
87785644
87789847
87825903
87829813
87841876
87873170
87883400
87902205
87920891
87951957
87955398
87968251
87969211
87989701
87992357
88027198
88037240
88136835
88149884
88163368
88166506
88200724
88203726
88205253
88227397
88232107
88235538
88237586
88239950
88246661
88250209
88622510
89264637
89443579
89598856
89621456
89624346
89627887
89861528
89863096
89881229
89882261
89885759
89894401
89902827
89904941
89906201
89914433
89916806
89989037
90052562
90132554
90171049
90177015
90254548
90393250
90398393
90398654
90415879
91633436
91647335
91653917
91693888
91872388
91945240
91955405
91983920
91986559
92018018
92035215
92044593
92075959
92080642
92083431
92088207
92104154
92123762
92135152
92166696
92181203
92194485
92241191
92241562
92244107
92246179
92259460
92268220
92275465
92280789
92283924
95342707
95350185
95359824
95373513
95385137
95390239
95396503
95400353
95496021
95791125
96083654
96088829
96101668
96109351
96133159
96136717
96256848
96264276
96269295
96278010
96284848
96290243
96293014
96305595
96313254
96314843
96322336
96388875
96457240
96464595
96521260
96545775
96577824
96587463
96596323
96609664
96626761
96650464
96661142
96694398
96696695
96703922
96726707
96727960
96730751
97182656
97247106
97566913
97702552
97720684
97722956
97730546
97753572
97792870
97815444
97830843
97863489
97869293
97871148
97874259
97876891
97889173
97904496
97919277
97927307
97939090
97944558
97948592
97958687
97966413
97968291
97982717
97990408
97993337
98024642
98036172
98088198
98107968
98121094
98179098
98185455
98200366
98247064
99466938
99602053
99809044
99820376
101149413
101701503
101702042
101948684
102212248
102784060
104881773
106930805
107391815
107524353
108441837
109108823
109117734
109135802
109294066
109307073
109335573
109377626
109692878
110421961
110514971
110662026
110667463
110675932
110737149
110745204
110751501
110763667
110767736
110773324
110779598
110794589
110800799
110805977
110809939
110812386
110818423
110837663
110844409
110848798
110851154
111045173
111050582
111063184
111070662
111085792
111088397
111095285
111100953
111103106
111115992
111123273
111130434
111137415
111143974
111145171
111198811
111208367
111222310
111234811
111343593
111360094
111372811
111375868
111382063
111385420
111748145
112020092
112029802
112045861
112056570
112062948
112065608
112067101
112074401
112096405
112111756
112118478
112130081
112134951
112150501
112172394
112193952
112195749
112213009
112232997
112239571
112242916
112246113
112274538
112296767
112320601
112351345
112362855
112477810
112504409
112506125
112507957
112515292
112516534
112526058
112531416
112532945
112546716
112581915
112585877
112809081
113041161
113107265
113191631
113204294
113256871
113353353
114395216
114402588
114608886
114609981
115593044
115845416
117071915
117249088
118405629
118659431
120032298
120532827
120749020
121860825
122082415
123031712
123443468
123746399
124006865
125639709
126397883
126647945
127199692
127451064
127451064
128588326
128683596
128814053
129024440
129434900
129571422
129615571
129645299
129697627
130183615
130250503
130712980
130725252
130733187
130748069
130755188
130759201
130976685
131107645
131157676
131170108
131181849
131307806
131315483
131320432
131325801
131333246
131334891
131336141
131340847
131341936
131348420
131352175
131357680
131360306
131362020
131363326
131367922
131372793
131378011
131853302
131894483
131974744
132062103
132066223
132221896
132229103
132233526
132254986
132326033
132511309
132518219
132547708
132562094
132570814
132598191
132612378
132632870
132661177
132665150
132674611
132675888
132718408
132757857
132761799
132772279
132779706
132807712
132856931
132863475
132864533
132879496
132893122
132914590
132951793
132975516
132981864
132987144
132994518
133014029
133019767
133020275
133024660
133053530
133112017
135765615
135836579
135836793
135979991
136166256
136311372
137471012
138476269
139230335
139934172
140343448
141026098
141027684
142237159
144324539
144324608
146301124
148905445
150203617
150355132
151991244
152166707
152242270
152454960
152464245
153007738
153165565
153858231
154772420
155814949
155818890
156007243
156332522
156912296
158422007
159713582
159725869
159745578
159981359
160657965
161264093
161622015
161860028
162385779
164517481
166294289
166521326
167548094
169032705
170090989
170307975
170325220
170452538
170634332
170698657
171485254
171608610
171624691
172160888
172699423
173176618
173400520
174042126
174107479
175199256
175321659
176641237
176676430
178044743
178044944
178162698
178678172
179835885
180565774
183988985
184389368
191251087
191265143
191738178
191856524
193086083
195324765
195333882
195655711
195672325
195938114
196128578
197016109
197095626
198148469
198241862
198335490
198463748
198608583
199079914
199290697
200806754
200806787
201153402
201685122
201949054
202195987
202214280
202526230
203092853
203113272
203225368
203250530
203460462
203720795
203921449
203978705
204028598
204040800
204189744
204419904
204962077
205288601
205289744
206222872
206846073
206971370
207034690
207629905
207635391
208189846
208213565
208242758
208520355
208586664
208900435
209625585
209636925
209640881
209664488
209671485
210252016
211144516
211851935
213099486
213414501
214112679
214734135
216134311
216164813
216756584
216756946
217247542
219003175
219102206
219276620
219320686
219569624
220231576
220820212
222122288
222311652
223550664
223630527
224567787
224609957
224671598
225900293
226033912
227974192
228369658
228428880
228756944
228997879
230567704
230704286
230788679
230840417
230921696
231431632
231879991
232085287
232178947
232592117
233245398
233311176
233472955
233580546
233761350
234224682
234224906
234662320
234883015
235265668
235275897
235672910
235674876
235676676
235683430
236316412
236434821
236683492
237329038
238120589
238528970
238985726
239035769
239128511
239749501
240199687
240204386
240208224
241226165
241632004
241636222
242048722
242234375
242332595
242441302
242640461
242669197
242767739
242952708
243047418
243167273
