16986
24100
44437
56613
82099
89034
108147
166953
324595
2288537
2288607
2618976
2678334
3443046
3957905
4034094
4409286
6932365
6982454
7384136
7406444
7500295
8482341
8881400
9404337
9610576
10601995
10610404
10619407
10630169
11121958
11177161
11316332
11787629
11787837
11922907
12026599
12145531
12175049
12179674
12187982
12310238
12528015
12583418
12636314
12919943
13776751
14007707
14178647
14184383
14200607
14211369
14243853
14291423
14298909
14306817
14317758
14323919
14332828
14399394
14405839
14412290
14445125
14450897
14472177
14556427
14628354
14634133
14717773
14739165
14787589
14794296
14838710
14842870
14861456
14877398
15003214
15013750
15024437
15051864
15057324
15084904
15101408
15111891
15113541
15152220
15162495
15164511
15170276
15177743
15181977
15205005
15248584
15288377
15363238
15403424
18517314
18530770
18655768
18673944
18784926
19170637
19665327
20220479
20397537
20696156
20732952
20952220
21020909
21233580
21296216
21618417
21618448
21729898
21730672
21872065
21972300
22070078
23761651
23829303
24797473
24797741
25448640
25857797
27515470
27988923
28171818
29537196
29862020
33286195
33598157
33598183
34493503
34642455
34681675
34918786
39103059
40181066
43116924
43194775
43270701
43548549
43685513
43701072
43760495
44509631
44548171
44557223
44685395
45417743
46509990
46957986
47243440
48435619
48858709
49628601
55327854
55328222
56477276
56498417
56977070
57002442
57584400
59927421
60380436
60572682
60632837
60632976
61031090
61323725
61327149
62755295
62918363
63202915
65382475
65920056
67272505
67768793
67905773
68408738
69328734
70084111
70595044
70618936
71004935
71873834
71970429
74554574
74792554
76374529
76393902
76406359
77082175
77084948
77084948
77086555
77086555
77089660
77318305
77344627
77589200
77589942
77591760
77629170
77655149
77662865
