262722
272930
275769
281713
285062
286393
288742
297573
299898
301329
303700
307331
310496
313290
316500
319513
323814
328039
330443
331444
333412
335380
336719
338556
341227
345453
349829
351157
355252
356712
362334
365817
367662
369531
372349
376330
886965
3001276
3017581
3084907
3673985
3674086
3752238
4416029
4633322
6999669
7449204
7500863
7501156
8325654
10471041
10502405
10517643
10779120
11177549
11399632
11463502
11501731
13073263
13991504
14955017
14981024
15078003
15130925
15263881
16139802
17214610
17380365
17480039
17524326
17613703
18162515
18193351
18212610
18942570
19654634
19947630
20368759
20510264
20658979
20998835
21722036
22170943
22564501
22867528
23813736
23814110
23815831
24629703
26692872
26695150
26699296
26700759
26704750
26739156
26747186
26761752
26764191
26766942
26783302
26787990
26830837
26939308
26960771
27522593
27572005
27769450
27796523
29782049
29801551
29812482
29816042
29835951
29846179
29897962
30714857
31073570
31172241
31229786
31268693
31282250
31289599
31397604
31570931
31798776
31948510
32010204
32090969
32108248
32387574
32501158
32636778
32665238
32669252
32679186
32774757
32967276
33033881
33036865
33212733
33271054
33302612
33361563
33486481
33526431
33571537
34039376
34186542
34349624
34618535
34676152
35298560
35344659
35599517
35634670
35673162
35790159
36001697
36341832
36440859
36552879
36867813
36999124
37008373
37277971
37385191
38271695
38714360
41959253
42115539
42244193
42548874
42880792
42921361
43176189
43353992
43503094
44730101
44845208
45490293
47205864
49040806
50249539
50597154
51671145
52155906
52207876
52632933
53025940
53464825
53599202
54392539
55006981
55225631
55845872
57198802
57205735
57227479
57235912
57248947
57256688
57279609
57311635
57315424
57322078
57381392
57390076
57392964
57394086
57399111
57400571
57402943
57408850
57419606
57433670
57434847
57443826
57451243
57457817
57466558
57489647
57500719
57502503
57523259
57529324
57532113
57537589
57544673
57546644
57557488
57567113
57574677
57574953
57591249
57606218
57739682
57764089
57769797
57828067
57843632
57858121
57906334
57982466
58059956
58069438
58152606
58153875
58181518
58187748
58194995
58196685
58228556
58272544
58314237
58319654
58410487
58414535
58454077
58463057
58491479
58496709
58518286
58528743
58540329
58552116
58561229
58600918
58606176
58624802
58664981
58772831
62092890
62103262
62109695
62775608
63664659
63779528
63780602
63903842
63959355
64179783
65887446
65891941
66024074
66080128
66584321
66598458
66947408
67364565
67373993
67769056
67776756
67846589
68162762
68510871
68512596
70123361
70123374
70351744
71144704
71509670
71629426
71644600
73697394
74309520
74805840
75113633
75721780
76417616
76821248
76853214
76898920
77067657
77096602
77588778
77674705
77791174
78445830
78501343
78620565
79642194
81201077
81513660
81799316
81831053
81965740
82053487
83709584
84007572
84245315
84255888
84256842
86085739
86409724
86429176
86517022
86531502
86718375
88110061
89115385
89785672
90100388
90141152
90544848
93916994
95083890
95577897
97483490
97785046
99965494
100152450
100480522
101400066
102184548
102592603
103673551
104278864
104834268
105173066
105304831
105353466
105540768
106292479
106799992
107077508
107368784
107455702
107617844
107756197
108192939
108717392
108819833
109075157
110800778
110922800
111051124
111263448
111263964
111306969
111356249
111959342
112561341
113536541
114748602
115240256
116811865
117136799
117271883
119083691
119625366
120309971
121735061
122547487
123023540
123144058
123166623
125046099
125652856
125711286
127464852
128101723
130022815
131371616
132020357
132114176
132663587
133117681
133117783
133498317
134442312
134462335
136327349
136639044
138948361
139180247
139549619
139638677
139639349
141180344
141196230
142953686
144668975
144742510
144742751
145989301
148686250
148688101
150026143
150027985
150041476
150079434
150243340
150487445
151122822
151546577
151592950
152099739
152099859
152459495
152511975
153764126
154702775
155363698
155484535
156158631
156563082
157434079
157695815
157964211
158173193
159021625
159223579
161714389
161753863
161896186
162111055
162367453
162490617
162983155
163003064
163868533
164786334
165364069
166691095
166699947
166702538
167392716
167787691
167796432
167846943
167906265
167907380
168570561
168631511
169013234
169013424
169036363
169094164
169644253
170390739
170394965
170454568
170917313
