9442977
9894578
9902470
9995606
10620173
10714437
10720271
10722687
10722897
10731239
10731412
10735842
10743645
10750820
10762646
10764405
10775261
10797205
10801266
10806691
10837406
11001948
14340501
14345217
14348925
14361649
14514524
14560249
14601180
14617910
14628691
14660468
14734237
14757939
14776280
14796220
14818874
14906970
14908703
14916487
14927004
14930926
14942780
14954791
15007568
15157335
15178995
15193264
15200678
15215413
15330368
15340630
15347787
15355967
15390091
15950866
16064443
17217346
17398749
18534956
18542997
19652008
20227690
20438920
23938790
25276087
25463618
27184258
27528379
28014035
28050804
28560853
29052239
29235488
29272797
29274071
29367275
29381015
29389433
30370039
30400752
32072287
32197902
32403545
32463289
32843740
33595248
34469338
34469385
34507759
34691384
34695941
34855950
34955285
35248404
35958045
37517121
37601014
37654647
37717908
38501280
38698186
38788647
40578390
40677792
41400736
43094320
43331517
43986176
44010833
44010833
44016952
44351250
44431441
44530905
44988357
44988707
45083213
45449121
45621689
45992925
46008879
46758232
46898448
47709742
47717130
