194914
428058
443261
733626
755391
1264267
1454800
1454800
1813936
1813999
1933540
2574003
3259623
3393848
3411527
3423165
3427243
3446644
3454546
3475011
3502229
3523154
3528333
3544405
3556634
3578059
3616119
3772330
4026833
4120526
4133869
4240130
4265301
4301258
4385168
5060844
5099394
6205700
6403507
6403531
6988593
7872303
7940036
8014471
8920749
9262227
9360379
9501404
9633187
9861388
10009822
11804754
14373597
15653002
16890829
17068572
17204449
17204509
17263730
17273147
18205420
18208812
18576164
18625473
18667917
18736952
20096049
20368664
20596622
20715709
20914522
21840094
22890701
24236616
25116893
25551450
25954335
26067273
26102932
26237365
27524474
27801054
28237408
29423019
29727558
30083419
31343103
31759702
32524246
32539990
32759166
33056545
33098603
33218619
34085485
34458862
35721536
36405167
36752545
37763688
38001138
38937571
39212969
39496078
39864354
39908633
40460944
40751601
42158948
45859459
46553077
46599243
46675920
46745108
46913139
47161962
47523279
47523373
47566313
47619050
47619606
47660098
47682211
47698440
47742081
47882769
47882892
47906651
47981285
47990511
47990524
48313317
48386272
48424709
48430049
48562707
48607063
48669666
48791436
49413690
49488057
49538414
49567173
49581472
49583974
49795106
49811523
49821034
49875343
49880930
49952147
50074039
50085716
50088332
50088369
50093699
50094627
50312538
50554030
50638568
50659307
50725050
50770169
50778502
51137795
51204657
51310779
51410353
51510911
51516558
51532410
51538143
51545767
51563633
51570342
54875098
54879217
55038257
55288476
55484688
55501571
55508472
55513930
55523521
55647971
55654129
56331433
57330909
57356919
57489815
58065017
59617129
60798567
60864881
60868820
60868826
60935899
61011283
61012551
61421896
61587250
61587305
61611278
61707221
61751713
62055532
62227388
62429029
62502468
62652343
63459102
63503934
63544658
63648518
63942823
64040330
64925960
65233085
65498943
65583871
66151252
66362906
66730273
67227307
67246828
67312251
67325247
67326495
67436359
67505676
67509397
67540759
67555593
67564996
67593897
67650744
67661071
67664719
67678411
67703184
67708239
67737812
67742250
67898477
67899599
68398574
68583600
68677190
68790519
68832533
68867974
69492088
70064287
70782802
70921358
70929490
70968066
71357237
71393859
71401224
71421532
71448669
71455187
71464207
71500330
71516690
71528441
71562376
71636800
72001771
72118732
72131456
72205161
72217753
72768173
73295915
73322011
74377399
74377426
74598180
76141625
77562344
77596794
77605057
77627064
77635424
77640286
77647087
77658716
77688038
78149309
78197059
78537145
80778488
81456014
82370653
82438587
82438733
83282570
85213933
86028134
86564089
87494590
87495225
88582021
88643299
88841481
88982565
89052271
89055418
89399362
89419007
89454837
89457909
89485814
89494033
89496377
89515409
89529368
89563238
89598764
89636304
89641009
89671518
89694965
89696102
89729774
89741683
89748299
89795027
89802719
89829393
90032963
90705458
91881733
91882206
92198633
92198732
93172102
93964702
94733098
94733200
95895411
96437750
97852050
97858423
98078235
98203538
98633024
99318531
99494383
99505199
100358821
101444654
102002782
102575679
103134818
103211098
104603816
106047712
107242566
107756729
107771721
107779394
108010553
108219250
108329494
109058644
110229189
110899637
111047729
111626202
111723381
111787463
112914197
113357723
113739772
116538445
116545094
117083690
117530691
117537059
118585569
118671019
118704311
118990089
119276125
119436545
119968599
121070021
121889559
122476882
123004953
124522531
125445601
125453041
125729762
126235931
126236081
126241230
126253129
126253527
126969028
127645694
128665698
129370109
129700811
129877708
130242889
130853302
134606160
134811476
134909120
134912152
