631968
660079
1455539
1722640
1839914
3988998
3990591
4644136
5420796
6611471
7366771
7933442
7938205
8184267
8935395
9339587
9398239
9555043
9585159
9603841
9672480
9686467
10106666
10313379
10542057
11366893
11366996
11377491
11393834
11716575
11791930
11804274
12459292
12596846
12614240
12839274
12869961
13080456
13336934
14378895
15034707
15381275
15394356
15696425
16779480
17463382
18830492
19626837
20131106
20306188
20819906
21165531
21382777
22641457
22644062
24129961
25480761
26432347
26915620
27533570
27623825
27641925
27779738
27779759
28314736
28350514
31835866
31856838
32033639
32183716
32339539
32435267
32583901
32624060
32668026
32834283
32946671
32980049
32984068
34135110
34460594
36338678
37051960
37405802
37971652
39382685
39879155
39920455
40010216
40989780
41428199
41444645
41817170
42020829
43487004
43706074
43973898
44558123
44558272
46835628
47132262
47219015
47219038
47235108
47369918
47661847
47828943
47833520
47839426
47944788
47946342
48089021
48303735
48528516
48745079
48838326
48876837
48944022
48945124
48950844
48995971
49007519
49013403
49103142
49123993
49245896
49271620
49383703
49463883
49464019
49474846
49513282
49612666
49984715
50068410
50068869
50101287
50133925
51513508
51522425
52012757
52791556
53428015
53588143
54017932
54136215
54281373
54648784
54758374
55026871
55466586
56992552
56997961
57052921
57266756
57600797
58231121
58355620
58798296
58837133
59854231
61307137
61538774
61730747
61835032
61958377
62771734
64168156
64171870
64173097
64584083
64719801
65200603
65718814
65728336
65904070
66755032
66763816
66812788
68009566
68528331
69082492
69158722
70063213
70487815
70895231
71234147
72031326
72915570
73101842
73711153
75270869
75390101
75466806
75478351
75482612
75493097
75501827
75513833
75527820
75542604
75582626
75696068
75732061
75744572
75748884
75749685
75773613
75812709
75815039
78252234
78857840
79469784
79470852
82555253
84067424
84957184
85819486
85902583
86753430
86782615
87504917
87603094
87607372
87798075
89267945
90382393
90390419
90430424
90441367
90491328
93565098
93669268
94564395
95375156
96324277
98304742
98304893
98406654
99019950
100392417
101313582
101414384
101463689
102558364
102945311
104939479
105328746
106092167
106177459
106177459
106856567
107733618
108591406
108952796
109036351
109039126
109116269
110259954
110262127
111243634
113196973
113537238
113548651
114902948
115462604
116035317
118769838
119288776
119431786
119432309
120450634
120679758
121028328
121503905
122385986
122862236
124667999
124822403
124902975
125343390
125440159
125457735
125480161
125495587
125502132
125569220
125583297
125607555
125611707
125628085
125654105
125702582
126045156
128378568
128474627
128678038
128685324
128767872
128857933
128908689
128932625
129744237
129822005
129829722
129837062
129842886
129857201
129865394
129905560
130386165
130386436
131108584
131817568
131985633
132095990
132653497
132763912
132763912
133158893
133448503
133723184
133723586
134299044
134833567
135845531
135855427
135927458
135941758
135954706
135980813
136862393
137137619
138269539
138303254
138600590
139430808
139586761
141612230
141792566
141804683
142725403
144250775
144691407
145127549
145231474
145644835
146449217
146656870
146664050
147035406
148726934
148829495
148891397
149334428
149395732
149419852
149844788
149886464
150765353
151142374
152412985
152937752
152976097
152999787
153119309
153229867
153707440
154760685
155284104
155338733
155518400
157338389
157743616
157836203
157966551
158031157
158235932
158302895
158808122
158881167
158946601
159109455
159214955
160722928
161495576
163250869
163386152
164126475
166191696
166340899
166486090
166524721
168259501
168481380
169870075
170650124
170743122
170746095
170747642
172477418
173951318
174184030
174226089
174824706
174844081
174844481
176847929
176898625
178843229
180577006
180608134
181196995
181584616
181625077
182737287
182808506
182833464
183410037
183548912
183651899
183935297
184001097
184147266
185168601
185168751
185258290
185296274
185587787
185699883
185727253
185748460
185748993
186438907
187135865
189372364
189382538
190990989
191804094
192483575
192897839
194218406
194243895
194360476
195062453
195198535
195394530
195398599
195425172
195629518
195669571
195894047
195910564
196036156
196179280
196255351
196265915
196399226
196617484
196833108
197204133
197346100
197392308
197521839
197870247
197878827
