19999967
20002857
20004581
20007836
20008911
20020121
20020207
20020216
20072333
20078765
20089569
20108506
20113636
20119972
20126551
20126965
20138276
20300713
20362725
20426699
20489467
20710233
20966955
21024403
21153892
21922301
22331750
22404425
22446426
22460684
22749550
23108174
23119771
23133170
23149021
23154004
23165359
23204518
23217120
23229412
23275043
23296509
23330901
23336365
23451961
23501122
23614674
24186762
24204179
24376623
25330768
25610818
25830022
28455436
28562595
28650656
28700910
28707558
28926870
28932579
28962366
28966920
28969113
29004407
29012159
29024824
29031349
29057267
29064497
29621594
30257399
30372632
30421114
30455901
30732309
30748202
30769001
30935588
30980828
30995787
31001174
31045269
31074716
31098283
31403003
31551582
31925110
31933095
31992202
31995340
32013427
32514286
32581044
32601242
32719611
32852610
32911462
32917391
33415453
33422224
33445258
34054326
34229467
34229486
34643484
34644098
34686357
34695180
34707549
34721361
34828849
34833726
34834953
34837731
34846038
34852118
34858848
35259521
37601189
37763871
38103424
38634099
40701042
40744818
40832571
40946690
40954135
40963802
40972500
41007855
41124151
41461468
41466528
41629167
41664715
41680234
41720953
41835532
41910401
42054503
42054552
42395756
42405430
42466608
42734990
42791479
43056694
43160883
43229963
43392819
43869713
43879149
43880633
43884280
43886027
43896084
43898023
43899640
43912373
43913898
43928232
43974088
43989076
44002687
44023933
44029214
44048568
44078613
44117345
44138430
44554306
44656607
44742602
45128757
45151874
45253413
45257840
45268679
45270610
45283184
45339136
45511301
45874418
45945615
46515737
46522716
46695763
46695803
49813756
50662778
50725335
51889281
52056445
52262042
52269952
52367051
52828126
54400391
54400499
54928223
55145271
55510106
55681269
55766019
55780949
55799728
57201594
57316586
57338609
57918657
59722725
59913131
62299011
62368054
64584073
64778962
64917170
64944705
64983857
65005151
65080208
65115511
65279071
65396350
65800081
65828893
66019921
66089802
66114509
66628814
66672356
66686878
66738738
66755936
66801463
66829893
67336457
67732612
67916200
68192634
68361154
69036816
69057292
71037927
71262994
71908702
72295953
72486325
72518766
72759134
72759225
72934814
72966784
73172096
73461045
73956313
74228477
74356790
74388237
74396464
75008520
75238695
75267035
75592726
75699106
75725033
75848555
75876431
75894826
75904127
76000945
76055271
78171441
78184249
78237693
79140750
79149577
81398978
81950717
82537100
82593911
82593957
82621180
82660497
82912352
82925543
83033406
83042766
83196474
83271516
83387753
83463772
83584708
84493652
84768756
84769902
84770931
84918463
84926457
85713000
85726202
85815481
85901137
85970464
86144833
86341496
86354154
89436029
89570025
89570053
90082041
90183939
90186313
90186905
90232451
90462710
90792268
91370702
91624329
91749357
92303386
94785523
97001116
97908610
98229026
98856976
99155760
99548906
99653881
100029698
100393471
100402830
101308630
101507751
101640331
101954135
102399236
