19017993
19103945
19168850
19192854
19216302
19230358
19255386
19323051
19435440
19471676
19771254
19787989
20444633
20450591
20696194
20697894
21141371
21346366
21363736
21455552
21756351
21857257
21919741
22027362
22027496
22355910
22710677
23146718
23155423
23276718
23300333
23429713
23460681
23682859
23747256
23928445
23934308
24428368
24433079
24458770
24491776
24824811
24959322
25238232
26247167
27764232
27982327
28232166
28236654
28240969
28287019
29186827
29428204
29955750
31307847
31473991
32280585
35008385
35013273
35112447
35393233
35655661
35788586
35822531
35861732
36013243
36152177
37080064
37280058
37647566
37826080
37955865
38225468
38249461
39466980
39606191
39714248
39749830
40101842
40991125
40998329
41501497
41510116
42504799
43730650
44210255
44789998
48304357
49062601
49817420
49862923
50133742
50133915
50380562
50398054
50422531
50450251
50776031
50881049
52806187
53217515
53276076
57572425
58855749
58889099
59609283
59871367
60107239
61373040
61475390
62317047
63614686
63818520
64027920
64202103
64220814
64290098
64554881
64755104
64834931
64860273
65125497
65377642
65593232
65759349
65819335
66656153
67894783
68058450
68098473
68110601
69750289
71677709
72875492
73326179
73514182
73693016
73840339
73977036
74141125
74155749
74240619
74260521
74276850
74315567
74337203
74458025
74513120
74542285
74838250
75154945
75769792
77637345
77861546
77947417
78240914
80244513
80505716
81027266
86074957
86570767
87064250
87564511
87885051
88915069
89129174
90796135
90970648
91254967
91537456
91544447
91972378
92380831
92460790
92500929
92584179
92648085
93130768
93235827
93374610
93632309
95000072
95134919
95355699
95935996
96040157
96107348
96338554
96377041
99129222
99459116
100363163
100653590
101731964
103160976
103386424
103500979
103742736
103866147
103890553
104063781
104079940
104102016
104113499
104329096
104338736
104451405
104778130
105300785
105466633
105466900
105730967
106037320
106090976
106109744
106155818
106160669
106171301
106221118
106816993
107096476
