97036
104575
430104
750107
838772
1206515
1702052
1823707
2095727
3833997
3996263
4009804
4016609
5105036
5144313
5864682
5870509
5920727
6056294
6166558
6344530
6845478
7397563
7671812
8196174
8196373
11808356
11835206
12079551
12102209
12157019
12239609
12323742
12351178
12367936
12369249
12408618
12501274
12532596
12738523
12825200
13058260
13305215
13335136
13352392
13400541
13401262
13821229
13846991
14008188
14670132
14874962
17566797
18206735
18772258
18913407
21175219
21760483
21838768
21843571
22271670
22558509
22918135
23038084
24650869
26815635
27702257
27704855
28248472
29041751
29581968
29914463
30196480
30623311
31435697
32325902
32440458
32474767
32655009
33333943
35084685
35242546
35364897
35374171
35446738
36294572
36608715
36844725
37195772
37455720
37899275
38065649
38503888
38511210
38529866
38548425
38561997
38569407
38627760
38640090
38777478
38788678
38792802
38808911
38882470
38886282
38898754
38973532
39002556
39076726
39089507
39096402
39102598
39113319
39119437
39139309
39145515
39152418
42395463
42400572
42531930
42603462
42608493
42622359
42634314
42641245
42641423
42641426
42646287
42667929
42718656
42722753
42746067
42779294
42790809
42817852
42941403
43030892
43171904
43216805
43636741
43926379
43940098
44601582
44638286
44950346
45614967
45616747
45616747
45619964
45624929
45625960
45633646
46144521
46162821
46167130
46213188
46215025
46228020
46283015
46292903
46398526
46672397
47031130
47059596
47235028
47245815
47263152
47268860
47399957
47413094
47421422
47576978
47621118
47621118
47641660
47666984
47682551
47682551
47751008
47757321
47759789
47761705
47956518
47966407
48048157
48048157
48050191
48186469
48200858
48271491
48557418
48559321
48882291
48883480
49336730
51074598
51078442
51085438
51106178
51360233
51386799
51600191
51609067
51775458
51819357
51874178
51922267
51947694
51958044
52472317
52534766
52547859
53678978
53792808
54356927
54561894
56087299
56345380
56908757
57500595
57724937
57913847
57915932
58350069
58401899
58888867
58888867
58927094
59004286
59080804
59378567
59995272
60170891
60258377
60957077
61540629
61594972
61936396
62123953
64182975
64290457
65253038
65589520
66295675
67279723
68199643
68335530
68616782
69317540
69917603
69958241
70071618
70132346
70326718
70349602
70465475
70568836
70865920
71068064
71435990
72826204
72826896
73652745
73896289
74046873
74293964
74344791
74416541
75292139
75292167
75316097
75424144
75465105
75466128
75749287
75989210
76610005
76670264
77885737
79586131
79820817
79857682
81408150
81445882
81722023
81797058
81825373
81864718
82367681
82593898
86725981
86725981
86728610
86964928
87128532
88237443
88311143
88676991
88678023
88679132
88682130
88868103
88896362
88925556
88943648
88972910
89168025
89180352
89253245
89257446
89502897
90866856
90867369
91305601
91466984
93129129
93191460
93566349
93767285
93793467
93896509
94199338
94435635
94496309
94704573
95306968
96153920
96174278
96174610
96553288
96575070
96667904
96919600
97254692
97254757
97382968
98467120
98542368
99010347
99050181
99189157
99189230
99982879
100271623
100540093
100668293
100695829
100877944
101437045
101774530
101997677
102333725
103118286
103278917
103499907
103510462
103564426
103671152
103838863
103886915
103934905
104036365
104452886
104514291
104694372
104713124
104918047
105026901
105065853
105102966
105289938
105296035
107334664
111599995
112201370
112459030
117348439
118207509
119475360
120126142
120126437
120160098
120459280
120675841
120917180
121396883
121472203
123087005
123662395
124339219
124651343
124651769
125013236
125100961
126049715
126123313
126124590
126496024
126500595
126566606
126566627
127672483
129503504
131788103
131854223
132145573
132176908
133519484
133521677
133522919
133527953
133529656
133531148
133804061
134079237
134080214
134083147
134092225
134418826
134728218
135002211
135003726
135246773
135474798
135490753
