119496
154786
195834
218878
720908
930195
1078643
1078965
1096087
1129863
1167413
1317450
1321118
1442731
1565769
1681431
1764308
1818940
1859034
1861223
1934864
2214639
2320828
2446809
2640869
2802793
2932457
2956642
2965248
3043891
3138709
3151110
3158741
3158802
3524879
3875664
4140329
4142230
4284621
4467083
4565099
4565179
4597972
4711314
4730788
4746541
4781341
4957399
5055537
5083587
5771673
5883913
5957799
6333364
6466125
6714678
6973824
7058207
7069659
7175680
7204914
7263438
7521349
7867030
7954789
8116893
8162227
8314727
8964306
9206796
9257669
9392941
9624057
9703777
10084519
10122081
10136473
12108449
12165836
12754945
13925662
13930059
14088699
14328187
14328242
14438540
14632564
15433649
15441730
15448329
15454998
15491345
15511992
15534484
15595186
15621421
15636235
15668314
15670084
15717331
15732717
15741541
15756560
15836305
16091199
16301802
16350860
16586384
16604843
16625956
16638047
16671142
16705159
16714617
16733538
16738718
16753388
18255661
18303409
18471797
18528036
18541242
18549388
18568666
18615139
18627427
18649235
18681632
18721669
18763334
18931362
18936369
18939010
18946394
18953330
18957547
18960226
18999727
19070143
19107960
19149266
19519856
19743086
19813602
20224098
20252588
20345263
20415556
20436915
20437973
20462168
20485578
20495891
20538778
20742475
20774187
20998394
21042823
21196491
21205971
21206755
21219113
21222259
21239153
21244971
21304051
21306707
21347718
21511352
21518534
21556828
21744488
21820104
21901356
21907628
22047622
22194292
22194292
22195513
22202150
22202150
22222161
25280951
25293547
25294803
25305192
25306749
25317742
25325427
25329442
25365706
25765325
26157850
26163324
26539674
26703822
26895329
26922850
27098017
27147998
27160868
27168748
27170625
27170774
27217086
27509081
27615075
27615603
27672924
27685192
27717856
27832635
28104239
28119852
28348915
28444688
28630237
28718149
28917867
28937158
28941675
29001420
29023548
29028310
29064539
29081202
29085239
29086073
29179983
29363317
29609275
29609389
29946484
30039794
30059170
30135227
30135443
30138928
30212932
30258221
30266624
30307959
30314960
30372024
30450896
30503502
30680814
30742283
30750682
30926930
31565309
31844776
33424193
33467466
33836868
34643407
34650928
35065414
35763680
36033364
36248991
36267870
36356372
36383318
36470408
36503664
36528900
36546147
36566190
36579625
36645037
36991287
37104561
37135753
37151073
37205141
37471083
37491813
37508922
37541219
37579282
37615631
37630053
37634323
37646614
37655819
38197915
38276078
38357409
38400611
38416847
38597005
39136323
39254094
39830419
40011942
40347552
40535634
40690900
40696946
40792785
40894206
40918141
40959249
40959670
41123147
41261041
41294992
41296350
41355224
41398837
41401048
41503351
41510518
42205877
42317112
42366764
42523668
42721968
42909639
43088976
43254946
43259771
43555240
43642523
43670170
43700502
43701162
43874596
43874715
44174140
44175490
44176711
44181267
44188270
44190268
44192713
44193827
44197557
44198976
44201387
44208266
44210827
44213150
44216836
44217897
44225385
44231545
44234267
44236151
44241704
44243588
44265364
44281766
44286075
44288606
44292982
44323177
44341664
44357616
44364419
44395269
44624781
44632069
44645343
44699753
44699782
45090389
45102303
45278995
45521789
45551468
45579371
45590899
45599565
45666955
45724546
46112187
46487031
46614604
46773052
46844434
47021819
47031217
47094165
47224724
47341950
47506357
47506376
47723650
49047839
49187368
49224769
49259431
51852997
51947605
53036109
53506476
53649944
54928890
54948785
55046356
55089682
55836090
55933901
56106232
56562235
56625766
56717756
56752507
56766598
56766612
56851521
56852026
56858526
56905466
56959859
56973477
57240262
57306952
57436296
57436725
57717300
57864977
58016544
58056379
58081829
58102972
58103893
58111444
58485163
58548343
58703746
58703905
58843109
59901525
59957763
59985691
60010682
60159906
60332594
60376592
60390981
60412513
60442970
60486500
60504809
60510012
60525891
60550379
60579394
60585481
60595113
60741533
61253913
61254521
61812443
62044733
62215675
62546952
62805131
62817935
62834841
62847657
62901743
62917257
62919861
62949985
63070498
63138849
63979877
64010404
64017577
64030087
64047912
65287844
65421557
65676735
65708998
65791546
66211064
66275178
66296126
66359710
66471987
67354607
67374018
67432215
69199864
69473236
69566389
70326301
70382440
70521324
70605230
70717318
71176701
71218322
71252916
71373652
71653393
73184810
73192860
73291060
73765133
73880053
74024118
74060927
74283254
74342582
74614860
74629539
74754586
74772206
74798109
74804449
75036485
75627154
75651752
76152411
76207107
76307366
76500938
76707560
76742260
76797130
76869474
77060060
77205096
77281973
77331151
77352760
77741503
77944983
78030344
78030591
78039343
78264816
78507384
78513942
78522225
79029728
79115869
79841601
80141894
80190688
80191056
80327140
80337370
80342257
80346853
80413589
80416091
80416359
80472543
80953253
