19132663
19157082
19202623
19209573
19233999
19251342
19260545
19268252
19356648
19380013
19391342
19425182
19707641
19785630
19886469
19947693
20011177
20050912
20076983
20133104
20358083
20365607
20446247
20480306
20836235
20933537
21505126
21647007
21768452
21946141
21977973
23298129
23395633
23473811
23519677
23572248
23651379
24155238
24155485
24934071
24961073
25024923
25044159
25166100
25379427
25540524
26001172
26264634
26314707
27277939
27278575
28085333
28266145
28281379
28644162
28669612
28695177
28833249
29448305
29508174
29674856
29674891
29902494
29909660
29983218
30955791
31382174
32628941
32792807
33954599
34893336
35995371
36252235
36673467
36812732
37631057
38856200
40078100
41409958
41468378
41563100
41563100
41835468
42310102
42624245
42785586
42799971
44163354
44648014
45020939
45083677
45435440
45435492
45598446
45666575
45667203
45672993
45762252
46934372
46972093
46998345
47003866
47010858
48307317
48746136
49982571
50075182
50145378
50280971
50449865
50477397
50660071
50830074
51329453
52787945
52793097
52801576
52808348
52812214
52861498
52877292
53080029
53085385
53094283
53107524
53120414
53126231
53146690
53148629
53165119
53258290
53281241
53493250
53979508
54871098
55031212
57599080
57712561
58195311
58195344
60779877
62774911
64315167
64399093
64400734
69484170
69796406
71622337
72866639
73125469
74188765
76021637
77745190
77813809
77865711
78711404
79094230
80736416
80736437
80797915
80878621
82485366
85279836
85830759
86910179
88019350
88996572
89068819
90420478
92450821
92548280
93347328
95925137
95957677
95994510
96033528
96287590
96575687
98246161
98299093
98738164
99300760
99346213
99352822
99638528
99640686
99840457
100353770
103808216
103987130
104528992
105437690
106663345
107959844
109668830
109733578
111578682
111578682
111608156
111874077
112193732
112196711
112196711
112198260
113060260
113678205
114440447
114492117
114493726
114493919
114494963
114497677
114502315
114541255
115071000
