108989
388735
499862
525736
560987
648316
668546
692782
692937
732057
741512
762247
1063137
1140302
1183468
1188829
1317115
1342719
1540037
1705759
1714716
1738806
2001730
2010078
2026613
2260632
2569921
2602541
2963023
2996121
3052703
3192140
3281958
3428131
3703672
3888113
3952964
3953814
3954112
3995082
3996222
4002941
4067871
4256314
4266225
4460007
4566101
4729332
4738033
4808464
4829839
4835809
4876325
4890753
4896950
4985983
5174175
5299674
5491122
5518959
5544735
5653680
5755294
5764694
5842776
5872418
6287200
6307649
6333237
6347242
6407039
6475470
6523632
6629875
6847085
6934812
6990476
7018577
7030833
7044153
7048891
7157346
7222151
7298897
7317676
7491358
7557689
7871139
7907728
8016263
8085733
8096508
8239062
8251911
8256226
8261195
8469918
8497201
8502383
8561980
8595105
8738296
8788445
9109123
9220964
9225378
9229840
9233735
9287349
9353131
9396362
9713004
9787895
9902514
9985206
10015114
10187963
10240421
10353934
10382236
10389454
10410054
10599946
10630990
10642654
10817752
10851253
10871885
10951385
10965679
10975026
11053428
11059145
11064636
11068263
11155717
11155992
11194030
11207796
11230646
11240779
11270221
11325838
11370657
11385119
11578253
11635062
11819054
11845094
11856113
12022477
12142822
12344881
12428824
12480724
12506044
12555189
12737569
12767634
12868378
12983721
12989885
13075647
13292578
13305437
13740415
13833813
13892875
13894503
14035396
14127227
14320251
14328839
14336098
14350262
14354171
14358586
14369804
14383234
14397328
14419692
14595562
14651611
14694817
14795601
14886671
15100380
15321863
15447055
15458636
15503930
15599528
15620616
15705816
15711117
15891491
16215249
16287469
16405576
16602088
16786586
16916651
17018905
17148813
17157789
17431004
17479671
17614744
17662753
18032899
18072625
18292232
18459656
18478341
18921199
18938195
19195741
19350971
19476948
19730640
19872961
20170681
20258171
20266789
20646854
20672432
20913885
21007699
21013261
21019218
21019671
21029948
21103320
21212933
21487257
21654927
21698038
22156755
22166740
22337577
22620436
22701705
22799032
22813728
22862055
22873263
22879148
22891837
22896821
23029673
23047947
23180262
23371061
23396492
23428146
23460424
23894613
23894795
24567777
24595109
27737407
27748823
27770885
27781882
27783840
27788394
27812073
27820784
27847626
27855378
27860985
27865688
27907415
27911926
28519284
28956075
29208341
29300180
29398796
29400494
29400494
32214405
32389668
32431092
32431210
32654462
33051061
33229887
33466432
33495047
33513170
33520551
33544295
34928874
34947046
34974937
35793004
35805381
35902992
36189264
36384820
36658409
36843660
36866765
36900337
36922919
36993295
37140781
37333906
37448609
37758144
38008961
38014930
38107586
38163171
38204062
38206675
38237480
38345419
38436553
38658912
38676148
38723778
38730399
39082774
39243146
39251104
39273406
39278817
39283030
39452983
39460252
39516366
39567571
39609719
39710112
39925757
39945059
40394364
40399013
40682788
40703805
40817201
40843196
40937121
40953523
41261522
41553544
41611702
41661889
41667274
41671520
41690484
41808175
41808275
41905778
43246138
43293488
43316797
43356508
43400618
43458864
43460131
43550041
43674407
43689005
43698735
43710792
43723844
43728422
43730005
43795853
43858194
43880873
43884900
44186491
44577898
44773448
44894299
45029631
45081616
45326978
45363087
45421842
45468849
45708431
45725460
45740347
45780479
45910004
45933494
46053363
46135843
46451858
46499824
46566322
46933647
47140174
47237893
47238165
47306420
47383320
47515863
47527081
47560375
47621245
47673777
47701496
47749511
47840793
48213284
48241148
48268819
48288571
48329616
48346052
48354023
48367131
48379034
48384365
48393641
48462796
48467964
48475267
48621771
48774466
48793538
48916923
48933905
49162947
49353882
49415292
49445123
49580398
49747583
49822563
49854151
49968291
49984135
50023634
50077164
50214428
50214616
50259137
50515248
50575067
50580325
50645529
50889224
51024878
51033153
51096634
51158907
51262744
51864205
51968214
52134990
52229107
52798773
52936779
53145830
53160364
53311838
53362138
53633341
53706572
53809390
54071073
54118278
54152272
54217318
54293962
54301183
54308773
54332651
54351157
54360744
54365902
54429829
54487927
54510520
54515152
54579476
54719039
54915866
55112004
55276119
55400663
55435784
55449061
55487179
55505180
55696513
55994314
56021221
56281459
56544367
56589552
56646348
56647267
56677022
57069835
57252462
57415855
57508985
57509142
57569952
57689785
57690285
57694575
57829530
57964834
58003995
58011675
58312680
58428490
58492108
58533990
58702671
58705762
58934433
58973449
58973911
