16069785
16471964
16508302
16527561
16595339
16630611
16662286
16662640
16667359
16682825
16691550
16874111
16874384
16895514
16926406
17015255
17030316
17035794
17049251
17066494
17115593
17157617
17500170
17766388
17799957
17808686
17838125
17842448
18001110
18128515
18455701
18466854
18489666
18635004
18641280
18646329
18873498
18883951
18935399
19065402
19527326
20132317
20134646
20257201
20311033
20389392
20410340
20420264
20458334
20461093
21039444
21054380
21248802
21463988
21713977
21723203
21775062
21848183
21872383
21887021
22603830
22640802
22658759
22669078
22677854
22677886
22759560
22762532
22763372
22836225
23265402
23528159
23725592
23737471
23739642
24018199
24103370
24260263
24600439
24886477
25026777
25039715
25058248
25063491
25071329
25302191
25637767
25674720
25898781
26238641
26253975
26354031
27497232
28207528
28606122
28782041
28934562
29066387
29097523
29247960
29272087
29289048
29791745
29799187
29804951
30293857
30503839
31037724
31158600
31776608
31991525
32098726
32406278
32546301
32567591
32818422
32900149
32910687
34794647
34819283
34952975
35032093
35335596
35725134
35758368
35861978
36426140
36503876
36524014
36593320
36596472
36597073
36598269
36600475
36648472
36649515
36818407
37209349
37377840
37390876
37721658
37839810
37923290
38050374
38193643
38485186
38663361
38715242
38723503
38778806
38791140
38796842
38798707
38804648
39435096
39505340
39514748
39586649
39785960
39821669
40536786
40558260
40894706
41039452
41314013
41435142
41478652
41668589
41677318
41789747
41798521
41822803
42024966
42047907
42112838
42401241
42437419
42450285
42530457
42531381
42783918
42941745
42970880
43055456
43064858
43150036
43426189
43481205
43537499
44071284
44573318
44611877
45214103
45890095
45941071
45965914
45966105
46315041
46551695
47558685
47605882
48251734
48767364
49270678
49823808
49961179
50004653
51096093
51187475
