344753
729525
846517
909947
1188429
1873735
2204233
2316416
2322652
2346294
2365155
2371737
2372750
2384623
2571450
2717200
2927465
2973645
3334221
4238527
4848748
5027350
5127179
5146826
5165246
5176295
5187131
5204977
5546908
5584701
5588751
5853775
5866429
5902424
5952777
5986230
6019300
6389537
6465065
6791388
6834380
6892967
6969535
6974372
6996544
7006562
7716319
7902651
8163668
9572324
12293296
12501215
14324660
15039606
15044128
15044128
15051924
15158498
15172128
15178563
16303331
16347858
16347859
19387033
19969639
20012927
20709258
20919883
20983459
21310074
22050447
22050466
22199586
22574272
22879121
22956040
23083815
23556931
23939304
24051830
24467800
26144474
26275065
27627437
29215623
29215884
29340911
29618674
29693887
29704014
29735935
29742715
30159787
31665246
32306235
32577629
32650832
32743736
32757590
32767046
32773583
32790691
32942907
33205560
34953426
35120065
35130975
35139623
35147147
35160942
35172225
35189769
35202849
35273591
35955946
35970620
35976640
35981786
36418357
37201996
38284089
38294534
39332066
39983973
40010306
40080842
40126302
40147857
40166558
41428828
42528525
43881274
43953805
44081324
44756687
45060950
45061127
45377596
45774529
45802611
45813087
45824984
45887933
47404050
47681023
47909329
47987394
48483622
48592116
48596657
48900322
48921213
49701643
51443679
51450521
51457686
51471362
51479992
52752992
53059618
53467361
54186665
54193689
54382036
55783394
55798859
55957098
55981084
55981810
56058362
56111782
56160523
56273889
56388739
56392444
56418798
56465080
56489564
56494236
56757249
56798338
56822682
56836564
56904951
56919547
56950752
56958552
56963328
57035462
57044896
57098249
57163082
57178225
57185096
57189702
57195838
57607580
57651886
57661595
57695884
57696984
57711420
57722696
57726181
57729269
57748900
57752964
57777370
57784920
57798084
57896426
57912397
57929733
57934333
61064479
61070681
61245217
61510715
61512221
61732932
61732982
61803539
61806297
61810279
61812007
61817993
61824342
61838926
61857543
61865733
61893225
61976631
62368559
62474078
62693482
62713547
62770453
62809757
62811744
62818402
62844239
62875861
62913575
62924529
62950114
62973968
63096459
63115794
63147656
63185726
63225286
63232844
63241986
63249143
63264337
63283164
63291258
63415318
63415834
63418374
63469012
63617383
63667170
63870766
63889191
63972269
63999846
64437009
64487056
64513501
64656527
64762876
64961261
64970031
65057870
65209446
65214040
65235129
65478641
65564422
65571108
65627763
65961335
66073640
66084102
66315669
66477176
66504444
66524309
66578014
66597028
66601876
66626577
66687984
66704219
66711213
66763629
66859241
67860840
68230775
68298783
68298809
68403262
68425196
68911578
68940025
68976948
70545801
71194496
71363073
71363381
72018830
72028951
72064200
72081354
72084757
72095724
72100503
72108256
72112528
72119757
72152976
72159934
72237603
72271746
72285936
72307035
72311840
72367565
72374624
72393184
72596570
72599896
72617699
72620740
72754069
72787119
72824777
72839186
72944574
73018551
73023969
73142494
73176050
73192935
73512249
73548563
73569201
73592695
73661348
73810981
73811186
73905447
73912284
74058313
74062851
74169874
74355816
74398164
74405221
74495025
74502262
74518633
74525713
74587028
74632407
74830435
75013477
75040335
75074405
75083014
75146782
75296037
75330442
75343915
75375127
75375534
75378276
75385395
75401690
75458999
75525322
75535386
75602340
75967539
76050806
76114768
76148301
76187563
76203069
76204070
76208420
76234482
76238312
76244034
76298852
76313518
76318045
76328244
76356286
76366865
76382946
76468838
76491207
76505175
76512428
76551035
76709824
76727309
76728546
76754192
76761539
76770373
76805116
76856734
78176829
78324905
79563523
80883089
81324851
81775924
81962134
82152385
84915178
87440574
87712901
88900928
89296857
89362131
89533592
89737192
89752710
89780397
89785771
91557205
91771447
91787951
92606669
92606865
92704437
93544544
95925912
96944375
96970285
97191020
97334696
97413230
97545395
97565191
97572946
97620168
97623710
97708912
97964566
98055135
98339431
98407782
98887117
98952035
99232494
99232645
99405972
99607323
99852959
99883728
99884678
99917593
99973120
100014789
100118959
100124683
100131984
100304146
100336929
100352436
100385340
100648118
100705458
100717466
100761610
100791403
100835202
100930167
100987483
101029196
101128353
101135834
101277984
101346769
101372778
101871238
101971793
102014038
102021335
102057503
102100301
102255326
102335061
102340831
102353445
102369462
102405294
102505025
102599855
102818615
102824285
102854285
102863214
102882549
102907957
102917405
102927018
103025882
103096944
103347856
103348089
104307172
105046918
105150574
105157807
105164745
106318646
106350293
106573882
106714849
107059947
107157066
107490679
107727710
108859794
109232888
111300409
111300546
112158185
112617743
113382294
113388638
116561423
117157455
117819613
119642362
121463327
123872235
123877682
123928998
124221655
124372070
124592775
124625547
125555888
125730196
125730196
126119380
128089649
128127941
128157184
128170700
128187925
128214683
128255453
128283510
128297079
128326130
128690346
128885031
129177460
129238586
129375253
129513078
129602610
129636744
129668087
129686615
130268094
130287531
130709610
130906463
131337147
132741489
133319253
133322698
133322698
133472097
133784645
134214034
134215756
135244953
136434678
137776714
137885784
137965624
138033956
138151103
138307268
138307379
138330634
138390830
138487473
138804565
139066888
139190869
139532358
139919314
139968300
140117197
140208275
141477800
142453940
142477648
142489648
143032545
143227605
143245208
143257593
143267346
143272952
143288733
143290005
143309741
143315054
143319676
143338354
143402003
143423474
143466269
143479085
143492867
143533796
143536894
143551666
143557378
143558379
143905882
143910905
143913118
143929721
143931934
143934676
143936587
143938114
143946134
143947795
143979452
144001875
144051992
144074197
144622493
146747293
146821303
147170467
147274305
147916319
148555515
148855024
149514754
149648774
149674684
149678806
149715566
149722313
149728662
149740410
149751248
149781647
149837629
149859720
149882571
149897120
149932522
149960092
149992373
150236116
150298372
150371991
151433439
151629637
151653251
152134387
152141800
152171662
152347849
152395978
152426057
152459166
152490822
152512619
153005102
153418650
153449802
153451586
153456827
153496719
153656649
153668651
153690085
153703536
153712348
153729454
153732384
153738907
153759818
153794274
153796879
153812311
153819152
153831696
153846402
154844507
154905146
155402168
156056673
156067899
156417697
156502855
156708186
156959418
157026371
157513189
157538875
157683831
157684852
157686095
157689287
157833167
157951180
158387929
158501221
158782464
158920764
158920952
158961679
