65815
423267
485498
933430
1895400
1934327
1934597
1968401
2185978
2336656
2530116
2620270
2824237
2828772
3015046
3567680
3581509
3592440
3624375
3624395
3917699
3929389
3934801
3984011
4013348
4021187
4039990
4046231
4071760
4095114
4130653
4151653
4158475
4251224
5488298
5919289
5996519
6666394
6679995
6680040
6897788
8546817
8958180
8999861
9081482
9098926
9106039
9122899
9148832
9153684
9377592
9395266
9399134
9404349
9526806
9543404
9547144
9569588
9584218
9618652
9636662
9678648
9686076
9742145
9746701
10147390
10233663
10400893
11373480
11565214
12083116
12170472
12342820
12368485
14052263
14481795
14922771
16950668
16950685
17650040
20853194
21721464
21721538
22603775
22606830
22608413
22610530
25019440
25244930
25602163
25712876
26243856
26338813
26448655
27128352
27130190
27188017
28113548
28252219
28407524
31815748
32334676
32384290
32674817
32940057
33858617
34684894
35339541
35507598
36912197
37315612
38748028
38756407
39153534
39400386
39504686
39634710
39660491
39680891
39800030
39811837
39902949
40016478
40033324
40034986
40145842
40295299
40297590
40707901
40930385
40934913
40959649
41468222
41905356
42388928
45028497
47350954
48984923
49212802
49216235
49240929
49310298
49314264
49562676
49655302
52680567
53320823
54162600
54206082
54602472
54701622
55477174
55675319
56174797
57650078
57715698
57748800
57759442
57764484
57829413
58304188
59209786
59792028
59796659
60294829
60448596
60453796
60454985
61043691
61232138
61342306
61374126
61883065
62616458
62872069
63426068
63431112
64708543
64715743
65931866
67226529
69298574
69792819
70096768
70121181
70166474
71488853
71753241
71804232
71955476
72675004
72817660
73747586
74415712
75373540
75402466
76146145
76223761
76514700
76599805
76778214
76965804
78037030
78219610
78448174
78727385
79032913
79294556
79726984
80856671
83088151
83450520
83637901
83643211
84099842
85126202
85905060
87614542
88181300
88289326
88856199
89140944
90008153
91409971
92367918
93124399
93567358
95010986
95240237
95774981
96080721
97295712
98196402
98705136
99482357
99895982
102999354
103167829
104163798
104462472
104552098
106043369
107298577
107608349
109427237
109699530
109708709
110520895
113724152
114151601
114297143
115443070
116166105
116377596
116732154
117352134
118522898
119080845
119396665
119409694
119423060
119431952
119489482
119503232
119590323
119594249
119988842
120010769
120248684
120277337
120285347
121594592
122165677
123640240
124347715
126067907
127062266
127999029
128143034
128942228
128972001
129055086
129241015
129728617
130442984
130456208
130798239
130936004
130940899
132638890
132643419
132695374
132708146
132721034
132758127
132763601
132772833
132783318
132802827
132814379
132827785
132835314
132839919
132841316
132863607
133037675
133533098
133544397
133812630
133845678
135929437
136098546
136132386
136391604
138273783
139364106
139911840
139987322
140126397
140148957
141438443
142741155
144236080
144733639
144851084
144951123
144970868
145068018
145075148
145080274
145717785
145927473
146184540
148361241
148658495
148663783
151252255
151301256
151947200
152044597
152248977
153514910
154056132
154894971
155076225
156103747
156891040
157508655
158538894
158626383
158690347
159373891
159379966
159392256
160220021
160255828
160448537
161396617
161396617
161501114
161685907
163478414
164125403
164133957
164754788
165467206
165473785
165484022
165593905
165595221
165713224
165781730
165933578
165995748
166028372
166160617
167497170
167683295
168196389
169289823
169369497
169516111
169517131
169520064
171358713
173695759
174395104
174852069
176393442
176925626
177758732
178422517
178489623
179063691
179064977
181673657
182200580
182553734
183536584
184191883
184260442
184284185
185245742
185610757
185629304
185638724
186478905
186972854
188677719
188992288
189020842
189551508
189604641
190153059
190165320
190413842
190495086
190542003
190542880
190560525
190571434
190622218
190637384
190638350
190647864
190671438
190800932
190941728
190958560
