76600
203130
370736
383243
472349
483738
1141528
1145109
1299959
1303870
1459110
1514504
1886023
2190215
2429689
2451913
2452978
2453861
2594918
2610415
2611265
2620563
2624799
2654193
2656250
2659808
2663569
2679633
2680852
2684041
2697020
2742939
2927556
2990908
3051458
3151722
3258680
3595414
3745516
3826263
3989360
4079569
4174708
4294656
4331988
4607881
5019742
5132530
5136475
5145113
5152044
5166467
5176714
5182513
5203545
5309012
6462232
6653207
6731774
6910288
6986570
7236612
7289221
8069186
8099808
8125073
9104262
9126651
9146691
9193282
9246714
9246714
10365657
10412337
10415404
10428517
10474856
10616438
10729969
10917977
11277690
11425315
11471128
12682875
12683523
13421433
13674653
13781560
14456482
14764257
14839057
14876971
14992274
15061499
15072750
15095813
15104314
15114612
15190255
15242510
15259735
15277003
15284589
15287150
15291796
15294355
15298039
15305083
15320182
15333436
15359457
15481836
15488586
15566662
15628525
15643381
15684111
15684242
15932707
16020931
16062295
16365027
16389061
16460081
16552967
16656466
16659250
16666671
16675458
16689747
16697728
16736445
16761240
16770773
16778357
16784616
16791490
16794608
16801319
16804306
16825890
16837270
16852255
16958271
17042030
17151955
17517603
18176948
18184051
18191664
18193546
18195056
18200472
18250974
18272100
18274337
18593710
18598544
18599687
18613041
18638832
18642250
18695460
18700660
18707555
18780186
18781660
18873472
18906370
18907651
18923978
18928957
18934965
18940791
18972721
19029099
19047891
19056080
19056236
19371671
19789933
19801124
19943936
20440698
20472864
20496126
20496126
20503304
20547251
20595109
20937737
20951875
20956961
21147685
21266168
21280289
21362383
21363688
21370804
21387478
21520326
21531756
21534936
21536963
21538708
21554860
21570006
21590441
21591271
21742130
21766179
21776903
21781796
21789075
21791340
21800651
21802774
21946295
22274753
22565996
22567466
22569188
22571847
22589122
22609830
22625979
22628585
22629759
22632552
22635801
22638225
22639774
22644948
22646158
22650209
22652394
22653395
22656997
22659369
22661066
22675951
22682962
22683944
22685560
22689195
22691648
22693500
22696109
22703746
22705740
22707295
22709401
23268493
23613321
23908217
24378220
24656108
24718580
24724647
25202147
25219262
25224868
25274069
25420962
26430488
27183047
27288791
27307489
27390075
27614184
27625421
28181599
28233223
28242716
28262284
28390423
28394496
28399684
28498326
28555070
28574963
28602438
28604453
28607233
28614473
28624434
28633440
28642990
28734138
28735390
28823756
28959957
29009340
29117897
29192688
29228026
29243257
29263277
29284207
29318599
29319959
29325747
29325747
29327387
29327387
29332380
29420765
29480799
29593079
29615941
29627192
29654537
29846593
30050277
30144041
30186676
30212526
30214267
30215153
30216116
30346437
30359951
30399307
30513899
30584036
30812867
31117807
31168047
31289200
31634831
31765230
31876716
31877009
32095023
32106267
32107396
32152267
32211068
32390427
32402190
32412201
32447623
32487310
32491141
32513170
32607984
32609296
32610831
32614417
32620420
32622998
32625026
32627575
32629365
32635454
32646632
32653256
32697421
32745132
32767532
32817240
32839618
32840760
32844211
32847601
32866050
32876657
33038415
33038536
33041415
33044876
33046993
33059902
33061960
33063983
33082785
33096504
33110665
33201872
33267502
33371812
33378168
33473433
33479826
33517485
33525809
33527314
33534732
33542703
33546496
33556397
33560767
33567687
33584320
33590955
33594350
33596708
33597801
33599168
33607380
33608381
33610434
33613708
33615026
33619727
33623120
33625045
33630468
33654958
33659002
33776529
33791453
33792765
33826636
33840873
33844682
33943638
33951802
33965263
33972886
33976783
33977695
33981613
33983599
34176387
34348408
34535335
35185704
46477346
46840320
46858819
46872122
46965560
47042594
47241186
47943794
48423243
48505361
48801140
49418267
49807532
50148278
50200012
53160662
53376045
53872375
54271759
55806398
55806398
55836612
55854317
55854317
56045208
56477301
57966671
58111128
58334040
58334197
58494589
60208291
60227369
60732782
60901217
61616573
63025629
65161139
65163560
65269080
65602301
65675853
65681664
66495475
66717266
66781359
66861397
67347766
67617255
67622873
67640907
67848224
68067683
68075891
68308299
68908577
69075459
69082171
69286012
69564318
69768264
69816992
70048977
70064656
70076768
70104861
70123999
70147278
70164367
70169490
70197764
70230428
70269300
70279293
70294509
70703884
70857448
70860649
70903540
70910024
70912549
70919107
70958227
70971574
70984165
70995923
70997603
71000402
71007169
71025949
71032763
71058263
71060663
71065561
71102084
71111425
71128057
71136900
71144597
71154015
71156044
71161717
71178174
71181179
71185163
71187623
71189257
71202048
71383365
71564968
71647858
71675096
72597974
73197519
73344350
74072334
74139011
74273832
74396361
74405920
74565076
74572029
74576817
74582279
74587691
74622825
74717416
74727697
74871977
74872043
75003400
75194657
75304702
75438309
75545875
76586332
77603840
77936651
77988723
78397467
78540918
79149402
79279651
80798652
81408946
81539342
81612122
81632892
82403209
83950580
83950760
83952176
83969464
84006850
84007463
84008804
84011967
84176403
84486156
84543140
84554240
84837852
85052094
85146040
85220868
85277625
85531957
85843917
87473745
87512384
87806623
87892803
87921412
88008604
88023557
88030150
88054536
88054536
88056177
88253172
88997954
89009699
89251566
89253376
89253838
89255686
89258010
89320024
89565836
89644373
89677199
89871749
89899409
90049201
90150935
90173382
