1
26292
31141
34703
56709
57793
155719
158427
166391
177440
190728
201640
205140
209496
214766
218067
223997
226106
247981
252910
269419
271632
274341
276478
298277
301562
302758
305087
319946
346802
348663
352865
363631
364958
376579
400553
405660
421479
423919
445656
448457
488262
490262
500842
526186
530324
534933
538156
550501
552270
567464
578435
581773
585563
598340
628445
634050
668592
699320
722580
736052
747156
750502
760169
776838
779823
781855
787851
818848
822321
844866
849086
854684
858378
862734
905386
906994
908926
921028
940828
942298
947636
955350
958947
961894
963927
968383
980655
1074483
1093015
1103437
1112766
1115982
1121197
1124251
1141279
1145720
1154090
1156078
1169928
1176087
1179192
1181799
1185583
1186683
1189353
1209362
1221000
1223385
1231905
1235201
1238250
1241772
1244809
1248445
1320341
1342102
1355196
1357225
1360926
1363178
1393429
1397293
1413036
1442508
1525932
1536701
1544113
1621195
1639663
1641800
1720812
1729343
1730546
1732138
1740875
1746005
1753825
1757347
1761637
1766285
1769667
1799999
1802138
1807813
1810199
1815100
1822319
1824736
1862117
1863518
1864890
1869870
1873727
1877559
1881471
1883256
1885521
1887002
1922934
1926285
1929756
1935334
1948945
1976982
2082332
2085728
2089631
2110400
2112669
2115754
2119327
2122692
2144855
2151394
2161613
2194280
2312385
2314927
2341259
2347702
2351230
2355299
2360358
2373780
2378564
2380786
2383694
2391615
2393264
2397531
2405853
2439822
2467883
2495185
2498786
2643179
2651521
2735033
2739833
2771032
2786129
2866166
2946905
3055997
3099736
3106697
3143664
3210031
3227737
3229259
3235234
3238303
3243343
3247234
3253641
3261773
3265325
3268686
3275544
3277420
3280099
3281493
3285436
3290145
3519350
3572931
3576222
3579281
3586073
3613414
3616803
3627496
3686040
3753200
3755844
3758432
3761092
3765615
3872475
3877350
3880246
3882610
3906945
4036725
4322726
4397286
4407514
4452910
4459744
4470906
4495376
4510920
4512838
4531658
4578693
4582154
4589353
4613338
4626434
4660319
4686752
4841683
4909896
4910896
4921088
5089022
5224499
5226172
5448368
5474535
5568895
5576375
5629137
5632917
5634602
5645605
5908280
5917247
5925301
5939167
5972463
5974818
5989525
6022986
6030638
6077010
6106331
6109152
6110931
6147469
6181382
6214245
6282202
6377696
6419173
6451221
6453625
6560617
6562739
6593740
6614632
6639665
6641149
6708552
6798054
6920476
6921576
6926834
7035727
7040582
7043257
7175396
7211168
7213910
7290698
7419294
7463372
7467449
7478997
7499150
7510883
7558719
7600459
7602289
7663913
7725523
7770584
7773227
7798495
7923994
8022929
8049103
8051820
8090246
8237470
8275717
8278511
8279734
8284831
8286468
8290340
8292517
8294431
8299907
8301637
8426682
8567692
8618309
8629416
8670229
8820972
8912564
9054759
9142473
9281172
9407691
9410689
9507379
9518399
9525186
9527334
9537713
9564177
9666910
9677271
9720610
9739682
9755486
9782814
9809647
9985560
10051921
10055136
10134942
10241543
10261400
10265754
10468583
10472165
10885076
10887637
11132451
11134463
11194613
11352265
11416261
11825479
11835548
11843675
11871987
11879283
11880690
11882661
11884551
11890781
11995341
12025234
12035655
12099437
12130719
12211451
12337562
12390819
12459803
12520787
12564258
12679529
12922146
12927573
12990706
13075658
13200293
13225159
13314799
13318542
13329539
13363968
13395597
13397977
13457880
13505117
13644420
13684837
13686584
13699157
13758225
13781174
13904759
13917927
13950293
13973753
14007081
14109344
14112804
14115737
14119245
14129345
14180718
14269293
14271882
14273464
14292647
14294199
14312929
14544550
14621249
14633445
14747699
14754051
14815983
14922764
14954447
15007427
15029525
15045995
15065960
15102569
15107331
15131453
15189617
15223250
15265400
15284150
15289908
15311267
15337513
15338613
15339828
15354301
15434617
15454173
15458237
15468090
15475944
15493014
15540482
15547352
15548950
15589323
15594055
15618332
15636479
15637727
15645440
15668643
15682312
15712152
15713654
15741268
15796493
15805569
15830983
15838123
15866145
15900333
15906723
15934158
15936104
15947342
15951118
15973940
15978104
15984238
15988151
15990165
15996789
16011850
16034383
16073090
16102223
16104170
16114066
16117837
16126144
16131412
16146595
16150387
16153862
16156944
16158142
16161837
16164554
16173535
16178396
