13824
33523
36425
57672
79359
101152
102372
114463
117905
155658
158497
163187
171318
174905
177671
217905
221627
224029
226962
247007
254379
288201
299591
302460
305633
310483
319079
323319
334254
339065
372101
403308
404408
411207
435742
514704
517873
518973
521310
532234
535840
538296
540549
565196
568539
592204
605670
608009
625717
628820
647485
655836
659709
663971
667958
670070
682170
686393
690633
706784
708825
711783
719983
726617
729064
733760
740525
742525
748376
751184
757724
788851
792642
796435
797943
799188
799808
826502
881327
894945
904607
940293
953784
960722
967444
977213
981475
984219
987889
991663
998235
1001885
1005952
1014209
1017718
1029075
1033699
1034968
1042659
1075267
1082161
1087083
1096990
1099292
1101767
1119474
1122897
1136040
1137497
1138564
1149238
1161312
1164041
1184985
1191591
1229557
1232194
1235296
1236749
1238858
1249156
1250895
1252298
1255534
1263393
1266391
1269118
1272735
1284624
1298757
1302508
1304917
1309638
1315420
1317747
1349963
1352006
1355900
1361134
1367731
1369275
1371563
1377377
1390263
1393403
1401175
1409904
1411872
1418100
1471143
1498257
1500552
1514543
1625141
1639060
1642746
1647090
1664657
1665757
1667109
1672479
1675120
1679759
1683044
1707536
1710015
1738382
1774127
1778200
1813671
1820712
1828951
1831647
1856378
1871537
1904278
1905729
1906829
1907362
1940490
2000852
2018789
2021543
2025270
2027085
2029529
2032540
2035208
2039405
2043506
2047551
2049915
2054805
2057413
2061560
2064034
2068025
2075338
2080129
2117935
2126709
2133774
2150327
2155785
2164227
2202303
2218061
2219950
2221432
2235526
2290912
2297968
2299767
2307405
2309057
2311038
2318701
2320161
2322143
2361662
2451530
2466798
2472338
2474873
2476548
2490138
2511644
2513570
2534115
2548357
2550357
2586281
2590160
2647912
2683537
2687736
2690414
2704214
2751829
2755157
2760691
2766022
2781840
2785363
2788197
2789254
2802712
2816783
2842662
2843428
2855993
2864056
2868472
2888242
2895269
2898622
3001239
3005235
3009524
3046146
3054958
3056176
3089955
3114527
3117608
3118263
3123343
3124592
3142341
3228764
3232588
3253675
3269375
3279175
3280906
3282112
3283453
3347745
3351487
3357641
3363977
3426583
3491610
3493089
3496561
3538128
3541549
3545722
3548852
3552548
3554979
3559202
3606581
3721734
3802460
3821890
3845010
3850575
3857738
3861501
3867009
3902975
3934147
3941907
3945381
4158935
4204708
4205808
4212273
4391941
4402266
4412417
4420830
4429070
4449747
4465585
4469565
4561684
4615102
4617863
4621353
4628404
4639311
4641905
4651251
4653633
4694598
4697120
4707024
4717640
4726375
4741096
4743008
4786830
4794042
4819768
4828023
4830779
4863574
4880963
4882161
5005077
5006016
5008218
5105459
5185942
5239090
5246025
5377370
5450478
5519382
5569044
5668196
5684201
5813102
5949177
5999668
6016669
6137335
6152698
6168840
6272016
6286430
6316423
6321459
6325363
6506526
6512484
6623465
6690960
6770952
6830694
6854061
6898561
7090474
7368103
7401885
7502494
7528450
7556420
7587808
7597353
7844905
7982387
7996012
8019898
8028462
8056747
8067238
8080560
8223105
8431108
8436401
8493071
8504158
8548739
8549984
8651195
8762548
8773423
8906034
9121461
9165340
9195036
9296812
9348549
9353059
9372890
9449702
9467896
9518496
9539356
9614286
9627546
9825089
9948865
10105953
10124207
10148623
10210763
10230834
10237985
10250352
10531188
10558222
10726058
10727344
10839613
10852440
10905705
11084786
11101537
11103517
11126008
11129827
11132819
11136104
11138999
11142342
11150500
11206179
11243153
11254415
11430047
11441307
11629644
11643580
11651667
11691850
11708730
11710561
11719321
11721373
11723938
11756269
11811678
11818466
12088016
12182291
12222483
12349867
12352888
12356484
12384432
12387754
12389695
12392888
12396469
12418918
12588111
12647306
12709028
12745276
12777596
12791612
12859353
12870820
12915287
13023268
13033477
13049082
13102776
13565665
13571994
13613683
13698399
13699822
13741930
13747253
13783849
13811468
13875006
13966495
13972507
13974879
13999860
14007262
14088740
14095133
14103341
14145367
14147117
14151222
14163131
14164867
14166953
14167677
14240364
14241497
14275710
14392207
14400833
14402169
14437560
14439114
14468074
14477254
14478207
14490818
14491918
14859544
14970806
15086574
15223618
15548060
15593263
15644751
15653996
15658658
15704762
15708795
15713874
15717148
15728142
15754052
15774344
15781730
15785464
15788624
15790326
15824606
15890820
15925585
15965025
15967701
16073376
16075248
16126315
16162234
16170729
16203979
16208735
16210586
16227483
16269285
16299396
16308220
16331295
16335466
16337654
16393521
16410827
16426632
16573027
16713812
16767458
16923017
16972335
17070637
17119173
17129604
17132827
17135930
17154083
17165846
17176154
17177774
17214546
17224485
17226875
17237255
17407804
17480200
17480897
17482828
17494488
17495735
17501886
17584136
17586539
17588117
17596597
17619916
17623031
17720878
17738609
17778872
17800689
17889993
17927953
17993058
18085509
18204761
18219425
18270832
18272615
18300336
18398300
18400823
18475833
18522882
18530361
18667596
18691795
18803358
18805451
18812669
18892099
18914034
18916817
18921774
19054920
19097282
19101579
19485740
19490751
19492017
19501785
19519107
19568245
19571510
19664592
19696432
19699303
19718543
19722300
19730127
19738607
19740603
19742150
19749100
19754451
19761297
19763580
19768943
19780548
19793714
19799571
19800923
19818093
19821258
19832495
19849015
19883896
19885318
19912458
19917117
19942231
19946843
19963637
19990748
20039020
20042364
20094858
20097292
20107086
20116746
20126848
20132706
20166460
20170653
20175310
20191231
20336374
20370974
20372912
20394959
20397622
20439058
20551575
20559018
20572691
20597338
20613334
20615334
20642333
20675844
20677961
20706981
20732782
20774160
20781506
20784144
20787883
