1
18644
19625
53877
116457
117389
224255
240450
245078
247920
253247
276535
282054
283422
287390
388148
401835
404564
451887
486504
491153
495681
498672
510210
516248
535500
552507
559651
561640
579743
583575
697136
699566
700666
706933
713695
717001
777586
782155
1022752
1080474
1165141
1205203
1208081
1210295
1211790
1215910
1216794
1219128
1283489
1286068
1288919
1299924
1306679
1309892
1352739
1362554
1397770
1403471
1406133
1419983
1423665
1432916
1459341
1462693
1463793
1523791
1527685
1528869
1532948
1541097
1542216
1572783
1597890
1610080
1671587
1716196
1719433
1728598
1942791
1976891
2036990
2048871
2052717
2105292
2141774
2159811
2167102
2276201
2279450
2436920
2617588
2620255
2648895
2702531
2703859
2734782
2749098
2750356
2813373
2817180
2840515
2924437
3073887
3134354
3148579
3152200
3593323
3631311
4119518
4125595
4252416
4363304
4415805
4418418
4422790
4537159
4540452
4547307
4567833
4571728
4577627
4583544
4585483
4724278
4864765
4932373
4973730
4986823
4991355
5173358
5203016
5281370
5293664
5298048
5304890
5338370
5351732
5472361
5478660
5484019
5546565
5624081
5626134
5673465
5875448
5879324
5931744
5933939
5942149
5943249
5966302
5973192
6061357
6102919
6110206
6111931
6162160
6227989
6281148
6342167
6358678
6405046
6461783
6464350
6473015
6487539
6489633
6492037
6494610
6518492
6522205
6524859
6526468
6549438
6689732
6706352
6710511
6712785
6717428
6775321
6778433
6824284
6827449
6832513
6863796
6897901
6923201
6937449
6963767
6973817
6979130
7013502
7115626
7131577
7185281
7205210
7259057
7336983
7338568
7341334
7437564
7438845
7441523
7483123
7501543
7503135
7523598
7531536
7559579
7583107
7586439
7590255
7666059
7687477
7692185
7731137
7786473
7788927
7790280
7863407
7871866
7905464
7907133
8021616
8034754
8146935
8188122
8381195
8440485
8443103
8451282
8454149
8455709
8460903
8462704
8467668
8469200
8471868
8502321
8542084
8561570
8684722
8686895
8691370
8717863
8731905
8797120
8798904
8802860
8814780
8909358
8930772
8933283
9059624
9063477
9066038
9101319
9143244
9172281
9232663
9297242
9299260
9398936
9485385
9486662
9490820
9492157
9495333
9519971
9521439
9531702
9533697
9535319
9539590
9547142
9582337
9586136
9700109
9811329
9930612
9935049
9940227
10081539
10216486
10234306
10236489
10237955
10242141
10257105
10261742
10266355
10270189
10280587
10292216
10302267
10357117
10394086
10399283
10428576
10442285
10469365
10482403
10546362
10587810
10588910
10623955
10651637
10655899
10751510
10768761
10771063
10776495
10778754
10795194
10816043
10818554
10821806
10829478
10837459
10845630
10853388
10865326
10867036
10884171
10888173
10906444
10927047
10974497
11106181
11187530
11211559
11296158
11299011
11302407
11378946
11523502
11530823
11567713
11596835
11602317
11612257
11757417
11890430
11975776
11978970
11992314
12000217
12078703
12080072
12119760
12175730
12200335
12206701
12220662
12222263
12245448
12342414
12350676
12363676
12367390
12371475
12378805
12381378
12421679
12426519
12456189
12459511
12527667
12529397
12568595
12676385
12797760
12824979
12838065
12859454
12878635
12902473
12905841
12908995
12912970
12925513
12949933
12964248
12978517
13022686
13059780
13095157
13105919
13114767
13129854
13133824
13134984
13137341
13140651
13143089
13155587
13164056
13167735
13178059
13180580
13190385
13192539
13201454
13204277
13210334
13212149
13214267
13220461
13223632
13230092
13233527
13247205
13262339
13264640
13347667
13350884
13366334
13377307
13383593
13387237
13396461
13414251
13420107
13422274
13423621
13461817
13471211
13487201
13489421
13504073
13581303
13602399
13780953
13814757
13868128
13909863
13913549
13930724
13932923
13933314
13936568
13945723
13956506
13958741
13965298
13994519
13997782
14097612
14100721
14110776
14148606
14150328
14157252
14212568
14217249
14222222
14225663
14226763
14230221
14248991
14254293
14264972
14267952
14270377
14271626
14274105
14279785
14281518
14283981
14295068
14306368
14308869
14407986
14410015
14414453
14417210
14436502
14468034
14477452
14497961
14512403
14516720
14519324
14531223
14536887
14540112
14554918
14558952
14562114
14567455
14570676
14573465
14603746
14626623
14629247
14632153
14635142
14638377
14641342
14642942
14654580
14664713
14665813
14675749
14683874
14687504
14691549
14702656
14706822
14709678
14755213
14768518
14785532
14789373
14809138
14811347
14818149
14820679
14833426
14836469
14843724
14877464
14913635
14921306
14941214
14958294
14962141
14965938
14999188
15000683
15003537
15005459
15059697
15068333
15070333
15112537
15114271
15117753
15158006
15272793
15274740
15293314
15341679
15343378
15348510
15354790
15363016
15369270
15371015
15373832
15382934
15419035
15437854
15439448
15441931
15450543
15452586
15477833
15482563
15494744
15505767
15508323
15534925
15536676
15544818
15561467
15563510
15569592
15571748
15578444
