90268
163116
224031
232757
264176
273118
287139
288853
297779
302406
311984
316188
353618
364110
366096
382044
400686
446837
450353
466443
482022
514646
522490
527332
530655
533153
544994
549265
559700
561696
583653
592326
594945
623168
624733
626223
631094
632194
636414
656707
663417
669186
674710
681197
693565
703692
724598
750001
755313
770889
783458
803306
805470
839574
849255
887095
929966
932043
940048
958941
963383
965297
987000
988495
989601
1051016
1067877
1069877
1086558
1090395
1100257
1102459
1118349
1131499
1150480
1157777
1166534
1169453
1174335
1198531
1204434
1209891
1224537
1233129
1235774
1264179
1287013
1289464
1292676
1312297
1343726
1351179
1354862
1392192
1432939
1465881
1501589
1579019
1679916
1683184
1747585
1779977
1804753
1813305
1817149
1833683
1847531
1966336
1967854
2014937
2030640
2072005
2085323
2092605
2223652
2238380
2266775
2355187
2401363
2476199
2480021
2512810
2514323
2514909
2699847
2701284
2715138
2748957
2752714
2755375
2757886
2761502
2781011
2784020
2879786
2881475
2930194
2934021
2976644
2996140
3049639
3084095
3088449
3115304
3117071
3207133
3237849
3242450
3247480
3250987
3254863
3283467
3347245
3349087
3353811
3368117
3370559
3373493
3376324
3379512
3383793
3386609
3394346
3416449
3418774
3422270
3447665
3455065
3460118
3464565
3473147
3511634
3520583
3525069
3578313
3582000
3614628
3676122
3693469
3718251
3761490
3884793
3983270
3988747
4024115
4047489
4050792
4093725
4095229
4098668
4102437
4122547
4131501
4134946
4139278
4147214
4155553
4160494
4164068
4171274
4177043
4374375
4378778
4382536
4446357
4479778
4481678
4507304
4512617
4548238
4645459
4666578
4687258
4711280
4719910
4777706
4782998
4808175
4814787
4827412
4828889
4834736
4858723
4865699
4887455
4953808
4959007
4973701
5077360
5097781
5103816
5105647
5125921
5141471
5180103
5183040
5186686
5190778
5207407
5210657
5330792
5354729
5359357
5409289
5422359
5425480
5509782
5528174
5529843
5606402
5655691
5661281
5669827
5699884
5706548
5776698
5782038
5794934
5805610
5815265
5842135
5921712
6031374
6045462
6068074
6070660
6074369
6080981
6096573
6102040
6109273
6207352
6304335
6353821
6411049
6415658
6580876
6591941
6730026
6800891
6827480
7078123
7106447
7592647
7859368
7942513
7969461
8030317
8044312
8113202
8117158
8196307
8197282
8254774
8369715
8385202
8386302
8406877
8430969
8457111
8545078
8671637
8746957
8920100
8997090
9022264
9036585
9046073
9136370
9360663
9482294
9487154
9542578
9559741
9561542
9576475
9580192
9582931
9993193
10019395
10115408
10124968
10127151
10132535
10135546
10156179
10163256
10170199
10187324
10190917
10193115
10195409
10200067
10308212
10375536
10438819
10590499
10593670
10632915
10725767
10742842
10802187
10804127
10805504
10807648
10855465
10898771
10899871
10983376
10985099
10988299
10990316
10992737
11000928
11115462
11117360
11211374
11217097
11250795
11400882
11403843
11406326
11411854
11482288
11516110
11517914
11571476
11808561
11924120
11980025
11982408
11983554
11986470
12036116
12057926
12066564
12152012
12404371
12517274
12551608
12555909
12586170
12596877
12621494
12640528
12664689
12712717
12756666
12773724
12800160
12887470
13041469
13067502
13070871
13086108
13160442
13357878
13689630
14099914
14114581
14116853
14136707
14140153
14274342
14278148
14281407
14318512
14494771
14536237
14540139
14610196
14669683
14670783
14673382
14675038
14676913
14796592
14872848
14886951
14919239
14962440
15006675
15011918
15020357
15021249
15023935
15025815
15028843
15034524
15116328
15119504
15204377
15243912
15257615
15299905
15303953
15307969
15311609
15358373
15378947
15380165
15388286
15455458
15565529
15573706
15598651
15615545
15644350
15661066
15707002
15711265
15839880
15898634
15903377
15979078
16106793
16109392
16127916
16161482
16193996
16194886
16219304
16222337
16223355
16276787
16278810
16288001
16464160
16548480
16556030
16558583
16704588
16745721
16811830
16814734
16845705
16899129
16995726
17142083
17204084
17326637
17460053
17471587
17478686
17506340
17510475
17518713
17658508
17660762
17677407
17934150
17991724
18012428
18016566
18027691
18030258
18050926
18058228
18065309
18115619
18297869
18312679
18342101
18358656
18374020
18376936
18383244
18408899
18415987
18438525
18442460
18534766
18564788
18598530
18928268
18963464
18965592
18969530
19006326
19121219
19127154
19371106
19378883
19447792
19454033
19510563
19537469
19686787
19745536
19768263
19948463
19952451
19956150
19959505
19960853
19967199
20050675
20072855
20115082
20135369
20138200
20141103
20153566
20156080
20162404
20294662
20300243
20354842
20365531
20368509
20503159
20504259
20622720
20661546
20786196
20788751
20811206
20825496
20842989
20857746
20866734
20931851
21111386
21235244
21276448
21542174
21577800
21964100
21997944
22004040
22035143
22047304
22064714
22096655
22099038
22168819
22332288
22532411
22590864
22683631
22885348
22934621
22953808
23045116
23063284
23090153
23095623
23119748
23154379
23306033
23461728
23477596
23535688
23564183
23623416
23653462
23885046
23918464
24069750
24226033
24262940
24306346
24320018
24411059
24412381
24414297
24599714
24601891
24762678
24801710
24803261
24817601
24821207
24829949
24853477
24974600
24977235
24980443
25069068
25154398
25175487
25203652
25235150
25238892
25258437
25267996
25272127
25279200
25282924
25287734
25291624
25294098
25320597
25321903
25447962
25573318
25682339
25704867
25819192
25856797
25879358
25997269
26006754
26008080
26052593
26056861
26111925
26364572
26379172
26381998
26418236
26420720
26600483
26624274
26633296
26695763
26792411
26852290
26856539
26858308
26886704
27169188
27197441
27323699
27350541
27352800
27484228
27495184
27505839
27507990
27522507
27524824
27529408
27531766
27534986
27548412
27567704
27582508
27584704
27603135
27650698
27750828
27838368
27969440
27999419
28021228
28028571
28047061
28204000
28207438
28332805
28336490
28426648
28580086
28589780
28796818
28798818
28857754
28938120
28956101
28958888
28960467
28961924
28965413
28970620
28972509
28973512
28985890
29055961
29057934
29081635
29094778
29116808
29119375
29151379
29239735
29288837
29311965
29315689
29317681
29369481
29371102
29373497
29422027
29444074
29456696
29483291
29488559
29615432
29646386
29684671
29690514
29700218
29703361
29706470
29707869
29711899
29713765
29717104
29727159
29729198
29732059
29739386
29747387
29751776
29760560
29764025
29818971
29855016
30033262
30186079
30203788
30263534
30276961
30339542
30363194
30365921
30567368
30587724
30590966
30599748
30616745
30619592
30625408
30629821
30631940
30640743
30649114
30668481
30680806
30701008
30745314
30747945
30749258
30751404
30760422
30761758
30798885
30804323
30806261
30820218
30829253
30857985
30859441
30894914
30921311
30925248
31068378
31071883
31075296
31079413
31115641
31168514
31176658
31206969
31223589
31299082
31309855
31399825
31492416
31584051
31605391
31613641
31684224
31687101
31718225
31721293
31759784
31767135
31788736
31802693
31839247
31843876
31847732
31851166
31855188
31856092
31868615
31868722
31874768
31879926
31881938
31885031
31887103
31888881
31892423
31894216
31914050
31924967
31931475
31935352
31985676
31989781
32004336
32028421
32038923
32043181
32062320
32083317
32118064
32119967
32129213
32134939
32146360
32148745
32168342
32187631
32189359
32191007
32198031
32203949
32209907
32223536
32226200
32241360
32246580
32248048
32249746
32255382
32257882
32259300
32265674
32268946
32316668
32318297
32340016
32343481
32353965
32363516
32374248
32378491
32403488
32415926
32428536
32488076
32496154
32499053
32500396
32503397
32506667
32509921
32519108
32520725
32522820
32526953
32536136
32541550
32570862
32587421
32592107
32597529
32598925
32608910
32618508
32625045
32631914
32649181
32692735
32700398
32708523
32717166
32739216
32743536
32780710
32786880
32815239
32944448
32969320
32995527
33039458
33043070
33045147
33048482
33051607
33053422
33055581
33059547
33061151
33065527
33084522
33087078
33096128
33101766
33104321
33107635
33123078
33130962
33134410
33139190
33142852
33153114
33156325
33159831
33165596
33168668
33194584
33213191
33224559
33228658
33231969
33235186
33240230
33243431
33251498
33257240
33269926
33271475
33283604
33286017
33321479
33326545
33330216
33334401
33338121
33367664
33380363
33392441
33396224
33399588
33418274
33423043
33437187
33444391
33450992
33466974
33490481
33493748
33503345
33505535
33507624
33538923
33570638
33609905
33622171
33624549
33627973
33632189
33634836
33734210
33745679
33750669
33758635
33896593
33907653
33916484
33948583
33991587
34016307
34019829
34031645
34065227
34106507
34122805
34141437
34143458
34148337
34152186
34157112
34172931
34176164
34180984
34231028
34243926
