1
1587
36649
38902
49491
55298
62729
66345
74251
319050
339453
357683
369034
369682
382806
413641
414875
480561
495978
497057
498973
516601
517924
549247
553684
566184
574467
579297
590325
604594
671278
673661
677680
681390
685016
687783
691561
693561
703892
728195
733599
751100
761410
820890
823173
824653
829634
856178
865381
868346
886333
925185
928850
956153
965460
971567
975497
979906
991879
997718
1023000
1033917
1056956
1111873
1193341
1195124
1198581
1200397
1358139
1361115
1377752
1384009
1424296
1455694
1476235
1531531
1538660
1541701
1545888
1566033
1619343
1622209
1627928
1647761
1681622
1683132
1692696
1703302
1705867
1711575
1713782
1716632
1725148
1730792
1766729
1791065
1832368
1835792
1912959
1965037
1975396
1977926
1986162
1987668
1991514
1993012
1995916
2000390
2010485
2012675
2013891
2017379
2025857
2027541
2043454
2046219
2047271
2055769
2057618
2062588
2068028
2074018
2109976
2122112
2124648
2292374
2310892
2323531
2361347
2375356
2389979
2440237
2448358
2479513
2505156
2528619
2532424
2703508
2705427
2719867
2721351
2725115
2743410
2746213
2827821
2905158
2935146
2983080
2994414
3054583
3106736
3113152
3181707
3232564
3300213
3389445
3636475
3873044
3874883
3876076
3987165
4034315
4141199
4142446
4172984
4325231
4326731
4459772
4532136
4552171
4592717
4720630
4721630
4809848
4882629
4909292
4911007
4914777
4932447
4959092
4961685
4975150
5058460
5079963
5138073
5178614
5180316
5182663
5448193
5630479
5633650
5636967
5740221
5757432
5768851
5769951
5795743
5813232
5866236
5869296
6000785
6144704
6148000
6155328
6157858
6185074
6188099
6191095
6194175
6195589
6252153
6264267
6270685
6283539
6286486
6289573
6290673
6293124
6295866
6315668
6317898
6320920
6615356
6707151
6716935
6725491
6744853
6776752
6778511
6937245
6956133
6971350
7032540
7034590
7050323
7068881
7121194
7407795
7410685
7607832
7649644
7651076
7842949
7877562
7880695
7886354
7929936
8244852
8390029
8401992
8405943
8411555
8419997
8448277
8546007
8642630
8643827
8752800
8804594
8807887
8829504
8852293
8855083
8879480
8893688
8912079
8913467
8917420
8981837
8983215
9002903
9008850
9010747
9023372
9186079
9194226
9487901
9489005
9521952
9608128
9642619
9669417
9693786
9735954
9786489
9868811
9899625
9969261
9979060
10317902
10322521
10401304
10517544
10537755
10545721
10563767
10655500
10663325
10708945
10740684
10790592
10793644
10797733
10833082
10898411
10901518
10915387
10919074
10928279
10950178
11068766
11070710
11094208
11145305
11188296
11247679
11252683
11304312
11308073
11318491
11320262
11350453
11362752
11363883
11376921
11379304
11633847
11635198
11636236
11641828
11758648
11799310
11872309
11878844
11939997
12073918
12077505
12155568
12296987
12388750
12575357
12617291
12724891
12885205
13020897
13149129
13152199
13340183
13341765
13356315
13388202
13389982
13434583
13466075
13578174
13580553
13582266
13653673
13689638
13727276
13751031
13765345
13852435
13881602
13950543
13975126
13982374
13986003
13988622
13990241
13993682
14016642
14018580
14020166
14024669
14078223
14081100
14101289
14154875
14160523
14163712
14189510
14192108
14252358
14266612
14268762
14288493
14469831
14508039
14514876
14568675
14594244
14600515
14668092
14681901
14733552
14741090
14754299
14755420
14756353
14771472
14782396
14805952
14813054
14839208
14843886
14867824
15116948
15123593
15134579
15149824
15159693
15228904
15336432
15388280
15470538
15505554
15529174
15541825
15638602
15645691
15845884
15936895
16004711
16037597
16081342
16087936
16200228
16202322
16303339
16305098
16309610
16329909
16331498
16333957
16340176
16357161
16432387
16512222
16547900
16555353
16558295
16560169
16571473
16572960
16660630
16750962
16752830
16760992
16859699
16861604
16881872
16886196
17075338
17108302
17132828
17134293
17140502
17167823
17171635
17212967
17259686
17316326
17412675
17522937
17524421
17614935
17618187
17664134
17714932
17747973
17759463
17809009
17811494
17815912
17835304
18084470
18194244
18197310
18232906
18237963
18472199
18523757
18526848
18533709
18650941
18660440
18664621
18666646
18673687
18726896
18783460
18788327
18837782
18839658
18869675
18896467
18951685
19026537
19029019
19047049
19111501
19138204
19147805
19203044
19221276
19233432
19245500
19249625
19254230
19255882
19355209
19403746
19418644
19424511
19489485
19530754
19560635
19696471
19856063
19981563
19988208
20095899
20097544
20100174
20112437
20173956
20193991
20529121
20530121
20617467
