1718
3698
5037
7959
69793
70793
85651
93850
95867
120071
172702
175696
197483
198934
216616
241879
260183
267687
279775
286125
301010
302395
311940
327485
331767
334092
369542
372596
377646
497376
499727
559815
564670
643392
894477
983297
997305
998779
1079830
1115401
1201713
1261467
1343678
1373812
1377028
1473879
1475879
1521918
1670010
1695780
1898080
1938451
1976217
1997950
2031097
2158158
2162157
2166163
2169926
2219187
2302967
2403141
2498293
2500302
2518119
2519809
2531067
2537078
2542764
2632030
2668365
2670888
2717083
2780309
2786110
2793709
2813398
2843801
2847495
2868768
2872346
2876572
2890397
2903279
2906941
2914594
2916608
2925798
2935656
2962576
3020576
3038087
3134051
3135896
3140044
3144741
3149365
3153186
3177889
3205599
3208329
3274884
3276789
3580279
3583613
3681873
3683622
3687114
3693352
3721758
3756038
3911573
3934007
3936699
3938650
3996553
4068849
4072942
4185035
4218460
4232283
4233942
4237256
4263949
4265123
4267852
4296826
4306087
4315362
4368543
4383469
4426922
4437573
4481970
4483070
4521468
4525896
4564766
4655417
4656860
4794599
4847068
4886288
4996422
4999884
5076291
5236782
5266514
5293562
5294794
5297577
5313563
5345107
5429740
5474554
5502562
5503960
5574269
5620862
5977915
5981886
6004505
6018470
6057975
6211077
6220227
6223546
6238627
6242343
6248197
6251102
6264016
6304479
6324739
6331037
6435460
6457663
6509940
6515135
6527055
6561906
6570480
6572324
6626258
6687394
6692536
6743683
6884616
6906554
6910553
6956117
7050989
7092765
7124538
7153495
7165366
7166560
7365021
7550352
7564407
7679527
7736357
7738692
7777414
7873667
8060671
8079191
8082943
8087664
8240004
8317851
8345051
8348019
8481421
8503087
8507486
8528989
8530089
8620410
9017065
9020593
9022172
9024575
9132783
9377336
9395179
9536747
9612356
9619138
9621404
9764259
9938316
10016901
10036911
10045716
10046816
10076229
10157984
10350041
10382440
10469937
10472429
10640962
10680675
10759270
10877071
10942451
10953033
10985710
11107036
11123444
11125305
11141576
11184890
11188251
11211865
11284660
11311145
11336233
11346738
11445152
11473881
11614991
11677337
11709055
11932953
12027959
12041064
12085958
12087846
12498149
12519393
12522216
12597063
12605917
12631966
12633706
12634848
12638291
12641197
12666337
12713113
12834181
12991507
13073544
13095653
13111446
13192253
13250044
13324057
13541685
13579274
13603747
13667419
13690450
13713400
13723091
13746874
13854211
13924158
13925789
13969245
13977359
14276493
14289289
14370702
14374608
14442041
14459937
14517149
14844426
14893893
14958380
14987354
15106986
15117117
15193007
15237336
15243546
15295545
15314593
15317191
15560197
15600324
15608208
15701628
15742416
15823140
15929852
15953228
15991067
15998300
16000516
16008302
16009981
16068235
16234504
16253637
16256833
16263760
16269412
16273064
16339103
16456869
16458468
16460796
16462881
16503982
16516445
16563130
16592766
16885945
16886945
16904091
16911388
16965935
16972957
16976992
16979799
16985153
16993213
17011950
17029653
17062722
17121501
17134407
17158477
17179298
17182105
17184471
17195010
17197364
17205722
17212716
17215635
17260307
17282692
17398377
17404526
17481864
17603385
17606162
17709841
17741626
17784549
18092565
18300268
18323740
18326160
18328963
18402311
18412739
18416358
18433632
18435092
18437611
18440425
18481620
18495599
18504664
18519492
18532619
18559974
18570692
18613444
18619436
18621724
18654871
18696240
18698292
18700234
18701692
18705165
18707418
18755545
18757029
18758674
18808178
18872209
18874740
18878219
18888193
18913919
18915309
18941054
18944515
18946065
18957719
18962270
18966678
18969096
18976740
18994588
19060169
19064388
19120674
19121674
19166520
19238871
19354742
19370831
19373511
19378696
19386488
19428418
19491405
19492701
19532076
19570171
19589690
19611325
19615751
19634648
19644612
19646550
19653347
19664769
19697727
19699727
19706596
19710991
19733628
19745130
19748389
19768390
19782768
19805853
19806825
19808892
19840683
19867486
19902915
19906184
19911363
19915421
19922309
19941207
19944157
19945257
19951652
20025412
20030341
20032482
20036350
20050739
20062821
20071953
20077363
20079477
20100406
20104013
20109726
20112943
20120545
20132268
20136237
20169613
20203007
20205721
20208688
20211959
20213549
20227967
20238736
20240736
20249170
20259783
20262603
20266737
20270935
20274130
20280202
20292716
20320694
20348468
20355451
20359321
20362820
20365888
20373544
20395817
20396917
20398748
20401015
20420179
20423353
20440127
20442185
20468330
20471342
20476351
20490347
20500812
20532492
20534492
20638078
20640494
20644121
20663091
20714805
20717263
20735152
20739581
20742768
20748753
20752809
20755917
20759104
20779497
20783018
20785389
20792400
