3855
82126
84315
86198
102843
154119
156278
157687
159423
179238
242723
254183
256383
259770
264723
273689
275689
312902
366268
370072
381177
407099
409179
413165
440952
442380
444231
448115
467946
487299
490543
497809
502918
513512
514151
528986
554511
563279
576466
604818
607446
621211
635726
675072
693642
705875
709689
712366
715264
717381
758541
764242
767813
778481
804666
808943
812585
813916
816253
854123
868851
878025
880606
883636
901709
960229
996331
997802
1017633
1029460
1033158
1041398
1053237
1054477
1069711
1083619
1090873
1095426
1098162
1108691
1112693
1146029
1151560
1154974
1214859
1225116
1243345
1259001
1261982
1287698
1292729
1303250
1306931
1321974
1328214
1331821
1340951
1343107
1347683
1349982
1353562
1369256
1373820
1383345
1400540
1403480
1416481
1429002
1430711
1457244
1470302
1478701
1483572
1486195
1489667
1494008
1496294
1506670
1525559
1528769
1531722
1535076
1539890
1548993
1553487
1556721
1569923
1572073
1575975
1579760
1582982
1589799
1599715
1601194
1601548
1605108
1606711
1610446
1615878
1618656
1626570
1653664
1655784
1671946
1687540
1691794
1696994
1710071
1711355
1715028
1717515
1719409
1723655
1736181
1740315
1742693
1744002
1756000
1759977
1771835
1776303
1779766
1820780
1825396
1827227
1828650
1830172
1833189
1834477
2008764
2034463
2058804
2101069
2107984
2111370
2124847
2143974
2188374
2191614
2203465
2207534
2219310
2245028
2247614
2285157
2290296
2298725
2301038
2301763
2303061
2318104
2321949
2420646
2422816
2424844
2426336
2428258
2429363
2435300
2437869
2451342
2463665
2493785
2498815
2507886
2510849
2534543
2541256
2562273
2581582
2585589
2587543
2592008
2594720
2596580
2598126
2599965
2687475
2690537
2731564
2811993
2814742
2817187
2819387
2826094
2828822
2843209
2854857
2867510
2869121
2905274
2921530
2923852
2927041
2970203
3068689
3100001
3163712
3171453
3176217
3180281
3183769
3187000
3188330
3191303
3195354
3198296
3203178
3247891
3252090
3279237
3284530
3289205
3292039
3294327
3301662
3303439
3458688
3470196
3475184
3478122
3479292
3481017
3483287
3487185
3493825
3498094
3543749
3639939
3660763
3672638
3674204
3705797
3714574
3716424
3718600
3722094
3725332
3728166
3741802
3745113
3747527
3756802
3760183
3764961
3769452
3770916
3773788
3777341
3778358
3781152
3797742
3801570
3804599
3883303
3909806
3918507
3949144
3952188
3956042
3958407
3973213
3981759
4002031
4005299
4018675
4021104
4025346
4028875
4044981
4050446
4051749
4053405
4075883
4084850
4190000
4202773
4221441
4226009
4255667
4302798
4306971
4319545
4331236
4338194
4361237
4368624
4370670
4374658
4375765
4378626
4380710
4382815
4384617
4403523
4439820
4442294
4451714
4462931
4465080
4485568
4498704
4503286
4508558
4564271
4581726
4644223
4683836
4701749
4704196
4719116
4731665
4733175
4734427
4736776
4766514
4811224
4812508
4834385
5009055
5050898
5058648
5060450
5063554
5066874
5069205
5073588
5074767
5077298
5102596
5119479
5122253
5140824
5163994
5167917
5239103
5252677
5308851
5325063
5326598
5339685
5425881
5440585
5464512
5484388
5487815
5494774
5518279
5559720
5610257
5813539
5874623
6049285
6086560
6096434
6359453
6383525
6386399
6595668
6598787
6665456
6776177
6854171
6858749
6864089
6885172
6896530
7006808
7047379
7050850
7218093
7390449
7447654
7450739
7453016
7456421
7476003
7496984
7543941
7557182
7559822
7561888
7564421
7566595
7568018
7577271
7586872
7589046
7745302
7810634
7821890
7847680
7906435
7945030
7982428
8016332
8063522
8066183
8126735
8127730
8145319
8175748
8215474
8249343
8427552
8432113
8576898
8590654
8613539
8734222
8761152
8766712
8769141
8786294
8818136
8829764
8849018
8863133
8864889
8866382
8934497
8956353
8965363
8975377
9020684
9026345
9030099
9034217
9036226
9044188
9047833
9051977
9080579
9081904
9082752
9088691
9090335
9092633
9113098
9209731
9211435
9215043
9286945
9301273
9307447
9409288
9423813
9456123
9498572
9604838
9673718
9773477
9774366
9876947
9879159
9881142
9886080
9985974
10103720
10351292
10354867
10603209
10713159
10769318
10786951
10789002
10793142
10820788
10831220
10894123
10943595
11138212
11146952
11149864
11255160
11386571
11419621
11565186
11575986
11740849
11799638
11881062
12048184
12069727
12073940
12099545
12104034
12161534
12314268
12320065
12438581
12461882
12474138
12545177
12701187
12704190
12748560
12765100
12772539
12991305
13055139
13061500
13063500
13067224
13223311
13226648
13230419
13398911
13436592
13446977
13448126
13449153
13450110
13451268
13468834
13472447
13522983
13958872
13992040
14088271
14105376
14132246
14162100
14390087
14438962
14520863
14728929
14798818
14898603
14936968
14947890
14964490
14986858
14993843
15177328
15395139
15521414
15671482
15750148
15751729
15761733
15780644
15810583
15968778
16267024
16359369
16362118
16505332
16588027
16708353
16773742
16775572
16834024
16919847
16921150
16923970
16938637
16988819
16991039
17090276
17144595
17248459
17277162
17383773
17419117
17438015
17462367
17660738
17978831
18357390
18384170
18396861
18498233
18550841
18553748
18572000
18583497
18587280
18609333
18615782
18638104
18688399
18989472
19101339
19214418
19408138
20043934
20109674
20113156
20158260
20190302
20296589
20382915
20385415
20388629
20390691
20393752
20397757
20445022
20918663
20922325
20977246
21004120
21288575
21305825
21332980
21359097
21364320
21426033
21428837
21438729
21441145
21472935
21498810
21500945
21506237
21536540
21540284
21555296
21558460
21565479
21566563
21568456
21570807
21577080
21578262
21613634
21634947
21644023
21656693
21696988
21705569
21715272
21858378
22005084
22044166
22085097
22126562
22151224
22178105
22195585
22197913
22316129
22375681
22449206
22470548
22630401
22707024
22712902
22998933
23077852
23135210
23210544
23230367
23232219
23502012
23504454
23510427
23661554
23712830
23768186
23786882
23788591
23792371
23794572
23798198
23843388
23909961
23920826
23940620
23943665
24024248
24031109
24253199
24358206
24362398
24366025
24368122
24383794
24444317
24527649
24529121
24545330
24554590
24566439
24618388
24631941
24645755
24659806
24665567
24671447
24675777
24676982
24740269
24797594
24905417
24907593
25007860
25075498
25077567
25115280
25163788
25168176
25196258
25203455
25261984
25302130
25366803
25407062
25454374
25621956
25658831
25683528
25745000
25886898
25915744
25918222
25949392
25951167
25982238
26006945
26145456
26165700
26332737
26334052
26356005
26510961
26575039
26625584
26627244
26787641
26817931
26984000
26985408
26988921
27005195
27043997
27427237
27457000
27498760
27526737
27530145
27591625
27622200
27646862
27653991
27723262
27769866
27773200
27798434
27804547
27804921
27809715
27811443
27887983
27892073
27938672
27952403
27961042
27968136
27994225
27996439
28082056
28168043
28191154
28193700
28208945
28250472
28252603
28304349
28305449
28332737
28341573
28378742
28462851
28546426
28549092
28551547
28560706
28583925
28588104
28591312
28591952
28594339
28654175
28682238
28686067
28688087
28708298
28718017
28721265
28724762
28761368
28764821
28984031
28987777
29003059
29015966
29031612
29038174
29042421
29045368
29049328
29081342
29123584
29128529
29131763
29135805
29139619
29141842
29145361
29148373
29151673
29155120
29158902
29164726
29184891
29195121
29198821
29208044
29212166
29215638
29218995
29242535
29273944
29296361
29341006
29351021
29354956
29356046
29357728
29361095
29362385
29368158
29381064
29385208
29392313
29393951
29396367
29415951
29456869
29458718
29465972
29473245
29480671
29490443
29492630
29496227
29497571
29501529
29529037
29546768
29584510
29588949
29621976
29624913
29642326
29645031
29676393
29697610
29701243
29726305
29763377
29792049
29793285
29798063
29801584
29824386
29828423
29845355
29846791
29924704
29928282
29933167
29936815
29944006
29946739
29953479
29955670
29970368
29981760
29986339
30012490
30029372
30031805
30034680
30037170
30044553
30045703
30048947
30053970
30057403
30063627
30069172
30079065
30083101
30084186
30087083
30088566
30092438
30101116
30115173
30148952
30164155
30170046
30172217
30173945
30176657
30177473
30181440
30184994
30195816
30210699
30212873
30216567
30222029
30224404
30229278
30246793
30250280
30254066
30257935
30281024
30290875
30295578
30299651
30313422
30316724
30319460
30321900
30325900
30364269
30397277
30409154
30457808
30459667
30466168
30468280
30541445
30553306
30589391
30590263
30591812
30607967
30625963
30635751
30636956
30638302
30641479
30691758
30693176
30809240
30818934
