1
4379
6054
10453
12806
18681
75165
94846
103598
110247
120681
150180
151103
152913
153837
155782
158774
230606
234599
304493
310428
314248
321789
325362
375653
378398
394315
397303
403787
416865
423761
432401
466109
479798
484102
510583
564219
575411
592237
621643
624203
654102
666787
669945
724554
748151
894591
906955
941591
1112126
1150436
1159970
1223379
1226557
1271190
1305692
1365715
1369303
1416866
1456897
1458985
1504439
1534299
1578351
1579805
1582046
1585781
1723976
1727503
1729361
1771681
1892289
1909883
1921125
1926300
1929946
1935817
1995536
2016463
2102830
2115948
2183772
2265836
2319266
2322576
2395299
2397940
2399040
2531462
2585985
2615306
2702960
2767628
2879658
2891336
2911922
2914444
2917632
2921935
2953690
2970453
2977564
2979749
3005620
3011287
3012878
3017292
3027454
3036376
3042287
3043765
3064563
3068296
3084359
3086134
3093005
3096746
3107382
3227343
3377364
3380116
3390939
3409302
3423355
3459917
3532863
3539181
3571108
3573091
3577355
3586091
3590078
3592464
3594850
3651708
3666225
3668109
3673933
3676185
3714026
3716921
3729612
3818147
3841675
3899683
3901030
3903540
3931585
4023275
4047107
4072000
4076890
4094474
4098433
4102144
4105085
4201660
4204953
4212506
4326060
4538154
4595875
4623611
4626152
4643567
4648310
4674131
4676567
4702346
4708975
4752851
4799905
4803054
4838279
4844129
4875207
4912577
4918918
4921179
4995811
5028080
5031305
5054925
5109628
5114818
5118076
5186530
5231109
5232392
5239793
5283633
5317813
5331568
5426013
5443460
5446012
5478342
5503831
5595377
5607876
5632925
5661889
5665076
5682003
5732763
5780469
5784986
5787613
5788815
5808454
5880367
5934962
6086641
6101559
6111051
6230295
6258280
6312729
6359657
6451858
6586373
6613850
6698256
6853555
6876963
6882962
6890471
6907303
6909430
6911487
6924761
7032172
7063886
7076151
7084101
7088273
7156471
7166150
7197165
7210028
7327293
7328572
7397198
7564418
7578614
7581350
7807497
8045598
8070936
8218263
8220806
8227558
8230440
8233359
8240712
8241805
8245081
8246560
8272233
8280881
8367138
8443812
8493641
8533323
8565671
8626722
8658046
8774369
8779667
8797506
8806979
8811287
8812933
8838622
8840533
8860937
8893615
8976496
8977860
9210183
9211099
9349237
9571083
9584102
9585202
9598968
9601543
9638837
9639787
9715110
9716457
9736716
9740159
9740937
9752677
9754152
9960700
9973768
10003551
10005113
10058197
10107421
10195766
10274923
10294969
10296964
10337113
10378508
10380820
10497758
10499653
10645825
10649366
10667182
10693012
10696949
10730438
10737683
10741221
10745555
10840444
10936132
10941538
10958889
11019077
11052892
11064472
11108487
11111526
11183302
11197486
11200953
11345271
11346738
11348885
11352347
11359694
11387485
11391377
11393286
11404350
11418833
11422703
11425668
11431294
11438806
11454217
11473787
11524832
11534155
11536269
11550005
11557097
11620127
11779534
11786655
11789077
11793026
11795461
11804179
11807075
11990850
12041865
12084602
12157138
12164658
12193103
12198279
12215214
12216829
12235269
12240949
12257017
12275737
12278894
12281698
12285624
12305125
12313916
12315672
12390628
12470113
12471503
12525017
12540991
12625155
12628322
12746527
12795829
12801088
12816450
12871231
12960570
13000193
13009089
13048133
13061349
13081545
13083056
13169071
13332893
13406603
13453419
13461241
13516342
13544884
13553288
13563029
13569448
13588264
13619480
13626582
13679118
13747676
13873339
13885317
13907147
13909450
13912011
13935730
13937239
13959037
13998951
14009190
14028512
14033035
14184898
14231388
14318404
14328201
14372858
14463238
14514470
14604406
14607685
14619520
14627127
14674627
14731661
14923604
14924876
14950002
14951903
14957403
14973536
15057926
15061128
15112016
15170539
15226538
15231822
15253306
15288591
15291612
15310162
15313032
15317632
15373186
15396847
15447608
15463774
15482673
15505379
15506916
15510600
15516290
15517852
15562474
15579753
15604308
15608690
15614626
15632831
15634276
15639918
15656616
15673276
15678288
15681914
15700586
15711210
15748215
15762786
15788294
15813862
15816885
15835958
15839422
15842373
15844485
15848311
15850660
15852114
15865162
15869868
15878307
15901354
15909251
15911794
15920699
15926646
15938389
15949453
15979183
15979846
15992138
15995829
16010687
16015158
16019189
16042188
16068946
16072234
16074749
16102543
16114855
16117340
16118425
16125089
16130766
16195778
16199630
16203547
16206493
16212435
16214132
16220935
16303452
16329437
16334912
16339117
16404847
16415608
16419710
16488787
16492817
16493822
16497249
16504713
16517149
16530106
16546025
16562080
16564655
16570607
16621506
16632987
16635769
16648681
16652162
16660397
16663881
16696208
16699259
16775274
16870052
16872590
16882618
16899211
16905149
16908127
16938904
16940309
16960748
16968037
16979525
16980889
16983856
16987669
16989775
17004960
17008987
17062717
17065806
17075995
17092986
17108874
17110874
17119032
17120240
17121997
17123222
17165882
17168762
17173555
17177440
17184900
17188904
17201988
17222286
17274394
17282317
17283812
17287609
17290281
17294997
17299157
17302641
17304640
17306173
17311045
17351957
17393056
17401936
17404421
17405643
17410232
17412352
17415700
17422836
17432992
17444441
17451325
17454996
17465086
17466990
17471267
17477725
17481255
17490912
17528205
17530904
17532861
17541153
17547802
17570574
17573195
17576174
17577488
17600094
17603819
17608920
17611539
17635910
17662378
17668282
17673507
