1
853
34569
35890
54762
126848
147912
151119
160184
179778
204985
213458
262279
323013
326958
330341
331441
339404
364260
365565
366915
371063
372097
374252
375630
377553
383037
385954
389274
395900
398086
400326
490657
528730
594902
608680
614125
836763
858823
877860
1063837
1112300
1133037
1151092
1152380
1188615
1190544
1221624
1225201
1228828
1240794
1275268
1324880
1326402
1328300
1380910
1383047
1385917
1387017
1401488
1404243
1447118
1471697
1479681
1481462
1483246
1485041
1488504
1491363
1502811
1509355
1520260
1537803
1539781
1543510
1546714
1624569
1658521
1770951
1818410
1824467
1829005
1831971
1837907
1850361
1874946
1877780
1903766
1906053
1932403
1937699
1939171
1939945
2014434
2016525
2017625
2020209
2061187
2068155
2072614
2075072
2104026
2160308
2177159
2179319
2187181
2194182
2305703
2415741
2487035
2737788
2741160
2743836
2776679
2845925
3044086
3074534
3136854
3149257
3150675
3231861
3238612
3257732
3259484
3261285
3450733
3584912
3588779
3689717
3795412
3799533
3802355
3811515
3900091
4001583
4044510
4245592
4305412
4306710
4307235
4309200
4370081
4451565
4473196
4475612
4480348
4483034
4486632
4542090
4544187
4560307
4604510
4720821
4824525
4833839
4859674
4917494
4936195
4939800
4944079
4949437
4958318
4999693
5007754
5098833
5106255
5141838
5314856
5372977
5396664
5494612
5537190
5723962
5727587
5753403
5756840
5760636
5763115
5981505
6029591
6038484
6075225
6198803
6201724
6316495
6374731
6500690
6844497
6917488
6972679
6989895
6991431
7019253
7244004
7275255
7277832
7280177
7282421
7290383
7391305
7733649
7796701
7798034
7853395
7944288
8130968
8150627
8154465
8158211
8176644
8179920
8181998
8223844
8398723
8399823
8402079
8424910
8678188
8681527
8938961
9132175
9133275
9229832
9251892
9325204
9328790
9332845
9354243
9355468
9473293
9504174
9571795
9602904
9610217
9728196
9779604
9783206
9821762
9824018
9836282
9842736
9844821
9877483
9887062
9890663
9965769
10001231
10348612
10582898
10858977
10862893
10873385
10884652
11203214
11253016
11258173
11276895
11342377
11404518
11407477
11502426
11643236
11716476
12237635
12392022
12393900
12459581
12467171
12599778
12676785
12770369
12797217
12889609
12971040
13278448
13377361
13441424
13453633
13561590
13618076
13711617
13723483
13795318
13797328
13798822
13802606
13924271
13935687
13944158
13958604
13965048
13966345
14121769
14230655
14233874
14370584
14376776
14390657
14395047
14406259
14426964
14439364
14505875
14514938
14532869
14551140
14563355
14610663
14619995
14653726
14682331
14962285
14966004
14978476
15001460
15124093
15199851
15238295
15241914
15245998
15286843
15308122
15315028
15326459
15339795
15344860
15418167
15420067
15455859
15458251
15507965
15554376
15562588
15564727
15746820
15749528
15791435
15874681
15894398
16023705
16036561
16086008
16178962
16215635
16260681
16321617
16551757
16601345
16604444
16695199
16707779
16812264
16841688
16999778
17111151
17126463
17129918
17136553
17155898
17186685
17203754
17216818
17235094
17239486
17259581
17275830
17280977
17289204
17310559
17412442
17487305
17561672
17572823
17573923
17588899
17589999
17604544
17621489
17622589
17628265
17636815
17649737
17780698
17786877
17838929
17879790
17889928
17894115
17897349
17901983
17907386
17911369
17913103
17942409
17984870
17995143
17999940
18010795
18013553
18081398
18096316
18136920
18139367
18255799
18258326
18259731
18261485
18282608
18308418
18311974
18313375
18314975
18317024
18320332
18328357
18351846
18356890
18398226
18425166
18432284
18433603
18493894
18570113
18649872
18654473
18659614
18673644
18675454
18678599
18701034
18711328
18735803
18749066
18776652
18781131
18797337
18808000
18817310
18820317
18823379
18847613
18932136
18938724
18948111
18951682
18957321
18965308
18975031
18986361
19017188
19065439
19075942
19085737
19095971
19106930
19137697
19152280
19169288
19170288
19172916
19193924
19196132
19198220
19201659
19225799
19231445
19255703
19277267
19292160
19310509
19312668
19316137
19339713
19353490
19418428
19434527
19439764
19443168
19445171
19448092
19513082
19514651
19530986
19540616
19549324
19571423
19575579
19578884
19581321
19589984
19634359
19667229
19668619
19670785
19761984
19764452
19765812
19773920
19776520
19784940
19792096
19794096
19795469
19811746
19815120
19819947
19822452
19834089
19838714
19845229
19869034
19874445
19875948
19883748
19889843
19893243
19903803
19971745
19972845
19976090
19978840
19985860
19987806
20000522
20002466
20006083
20008740
20020740
20038181
20039281
20042341
20071643
20072743
20076284
20080061
20098490
20108637
20109874
20113689
20129611
20133382
20139074
20143410
20148711
20160526
20200591
20202752
20206193
20218298
20229221
20230866
20233728
20241527
20250548
20271184
20294662
20299393
20301012
20303545
20334775
20338148
20347327
20436746
20481419
20495316
20496927
20532872
20565988
20598123
20604480
20607984
20621069
20624739
20628447
20631917
20633864
20650946
20669205
20694245
20708737
20714343
20728543
20731789
20733740
20738650
20749031
20751975
20753075
20760727
20763590
20817006
20821615
20823905
20843139
20845808
20846808
20863487
20867788
20879405
