1
3739
17788
23207
28812
48120
51237
70469
84780
101341
115076
121005
124672
128540
130617
147417
153028
176280
180223
182126
184025
188130
248292
252067
254610
257357
260736
279885
304971
316993
376826
425122
437419
474419
483556
491373
542918
576256
579951
583487
585782
588975
592504
596665
614417
621943
624939
630291
653096
654392
692986
695704
715148
776337
790293
793138
794604
805236
844466
848057
851633
870148
872619
879787
891007
897092
923697
926075
943720
953348
973002
981592
983982
990451
991596
1013699
1015440
1083099
1126446
1163050
1185245
1187245
1201170
1205144
1209173
1219865
1220868
1222498
1237307
1241758
1244290
1254624
1258250
1269566
1278340
1279134
1281133
1285159
1292454
1311612
1333874
1337772
1340879
1359166
1367057
1370650
1401617
1417850
1427865
1444184
1467945
1480948
1486858
1490387
1502079
1503767
1505780
1543559
1545509
1548384
1556803
1565984
1567460
1576249
1579942
1583726
1590187
1599479
1683986
1688466
1702959
1704752
1706561
1751685
1768868
1801766
1905999
1985028
2013109
2104133
2164083
2223094
2224263
2271780
2295941
2346027
2419021
2431542
2433610
2463787
2465057
2477115
2499386
2513238
2523714
2527407
2531128
2536963
2540106
2543304
2556541
2561351
2562714
2577274
2580173
2653011
2667335
2698309
2709352
2781275
2784529
2811591
2815960
2828666
2832316
2838694
2857151
2858761
2862632
2870345
2882867
2886435
2895027
2898377
2902269
2910324
2927868
3007860
3025627
3065927
3104192
3129994
3144379
3165889
3194379
3197843
3216685
3259960
3322359
3410803
3432867
3446911
3464625
3480570
3491293
3550351
3553561
3613045
3615767
3781649
3892971
3894036
3901046
3903251
3909118
3932505
3989503
4126724
4130513
4208129
4222173
4299690
4315628
4337150
4341286
4344039
4346576
4356684
4380008
4411251
4436381
4506952
4554348
4741153
4834319
4979209
5105680
5108298
5145733
5159740
5164581
5170211
5216179
5233128
5247692
5275819
5291603
5308907
5324726
5332555
5433452
5489007
5527269
5624588
5716597
5832282
5856049
5912333
6044602
6164059
6167572
6234550
6456881
6578934
6581157
6643928
6647674
6650478
6771953
6814987
6847280
6858252
6880085
7046290
7128577
7253096
7373548
7440100
7466024
7469516
7501761
7745345
7767225
8002557
8048090
8050047
8087861
8123961
8125488
8126818
8167369
8246447
8335278
8359481
8409366
8423296
8444113
8457146
8461263
8685364
8687238
8713101
8750740
8911271
8959997
9012105
9392322
9430840
9849610
9888999
10288622
10397270
10519387
10683834
10686454
10689343
10953074
10955981
10981684
10984052
11071123
11227323
11320380
11322526
11324094
11337809
11357836
11361375
11458537
11461832
11534207
11609982
11653852
11665650
11687855
11740674
11842340
12098153
12100153
12161346
12164469
12166227
12187272
12189102
12199458
12215168
12231792
12263192
12293745
12520903
12523855
12524947
12593596
12716539
12765411
12805774
12838874
12841176
13104220
13106622
13118240
13151796
13183274
13243299
13335355
13543167
13604238
13619938
13705352
13708894
13833336
13929871
13989807
14000051
14003762
14005971
14011745
14017612
14044889
14057141
14094703
14150327
14191658
14262514
14450704
14570875
14633999
14655725
14679050
14680502
14694328
14727434
14825914
14839072
14864625
14895425
14930033
14933993
14937750
15171514
15247915
15304918
15312248
15318396
15318462
15323363
15355097
15400940
15416972
15421409
15425762
15437637
15440647
15459341
15613934
15623845
15741312
15781813
15803576
15816023
15823445
15826572
15841626
15843181
15866613
15963083
16054819
16089484
16098115
16103436
16105689
16111791
16184912
16248913
16336517
16339133
16353623
16356084
16378920
16532383
16564410
16627094
16638017
16723783
16753332
16755864
16781210
16788448
16791968
16795001
16798515
16813173
16822663
16849443
16882232
16887170
16889573
16919915
16943064
16961305
16986928
16988600
17005027
17026212
17081526
17092631
17094617
17096683
17097452
17130802
17143736
17148125
17182537
17185648
17211236
17218744
17245159
17272645
17294169
17302786
17363401
17366628
17378262
17394924
17398054
17410382
17413386
17417639
17426676
17650470
17652966
17658957
17670798
17686900
17695815
17860041
17904343
17906991
17908834
18006338
18009734
18012829
18015115
18069977
18081632
18083563
18085426
18090766
18105961
18109830
18144729
18339018
18367948
18439648
18451128
18475374
18479117
18481010
18483321
18651905
18719273
18775087
18779017
18854268
18898193
18919099
18935371
19137268
19139890
19178547
19244112
19378586
19379557
19383570
19404213
19451162
19452310
19456459
19479313
19485429
19538498
19542923
19546172
19548280
19556556
19570856
19573022
19575751
19578541
19599392
19601504
19605966
19616456
19641866
19665097
19677241
19739826
19743491
19786308
19787747
19864005
20010074
20057845
20248500
