1
5711
16067
21071
29944
79729
83365
86369
89016
95453
96741
109548
110757
178121
181146
183949
317792
379643
403462
409749
424380
432894
434476
442511
443830
444930
445262
447466
449224
451847
457955
464136
473396
525746
531175
599096
668853
669953
753639
816109
819127
822056
829299
863990
892005
993922
1000912
1005137
1009002
1014367
1041070
1043002
1064019
1129812
1132418
1248530
1292993
1347847
1349559
1410122
1563923
1630089
1672010
1737326
1745890
1815990
1820071
1826074
1836749
1841874
1844325
1847118
1878648
1886667
1904586
2302232
2325707
2483842
2601939
2609359
2666480
2685511
2778664
2781718
2937849
2939702
3078722
3229885
3232963
3259052
3261028
3270972
3274655
3310569
3343721
3373172
3422580
3429542
3468373
3470382
3506932
3513141
3542279
3547078
3570135
3700307
3752000
3800920
3853854
3855344
3858097
3957002
3961517
4010793
4128435
4135230
4250185
4392888
4405969
4511582
4519844
4569233
4577844
4602566
4605523
4606623
4652316
4655165
4699350
4911320
4924137
4925918
4927734
4932165
4935310
4948456
4955000
4959902
4989635
5194162
5228649
5238186
5262349
5266185
5269729
5321939
5400063
5424153
5429302
5433541
5502969
5505864
5510671
5513863
5515090
5631521
5655866
5674245
5676716
5691640
5748749
5803477
5807813
5961922
5965283
6020189
6034281
6092774
6115344
6126948
6128522
6192066
6211874
6216516
6218889
6234609
6263582
6525362
6576710
6622244
6642673
6719812
6797766
6800712
6813874
6815879
6819489
6821123
6851037
6990724
6992786
7131348
7428631
7430350
7516454
7573640
7576415
7637930
7639030
7657570
7672972
7719306
7765142
7769260
7772278
7798897
7800484
7801597
7825829
7830169
7836124
7837915
7862651
8034244
8128820
8132521
8635821
8737183
8820252
8837097
8936253
8937656
9003878
9112595
9119277
9145107
9458315
9622313
9759201
9862595
9876755
9885241
9888148
9890115
9930800
9981030
10116611
10195159
10255106
10294681
10547988
10579037
10654763
10903573
10915288
10932157
10981211
11063855
11090748
11145509
11227728
11300217
11357923
11509617
11511939
11527393
11532117
11534491
11540095
11575138
11620334
11655639
11797532
11904302
11906846
11909487
11918127
11936486
12013971
12016301
12189087
12219422
12220903
12310176
12341529
12446922
12512900
12565366
12568903
12700393
12808093
12813068
12895835
12910711
12912818
12961175
13070365
13220607
13225671
13252862
13375433
13465487
13493464
13499304
13505853
13523507
13532606
13542814
13577829
13635336
13643632
13655124
13683994
13705770
13843233
13906302
13909597
13964283
14052565
14087156
14092618
14337014
14419452
14421526
14432314
14548298
14562906
14594871
14685643
14688355
14697662
14717204
14755847
14764920
14769742
14771306
14781964
14810697
15004159
15017117
15049243
15080834
15084107
15087680
15088957
15090448
15094932
15097573
15101456
15106484
15107981
15119037
15134942
15159229
15163445
15165002
15171380
15207495
15210210
15214583
15264691
15266790
15308655
15369597
15417147
15443467
15445812
15449999
15583285
15745062
15850156
15856613
15864517
15987900
15995080
16063685
16276007
16279364
16373789
16414915
16518598
16531240
16533945
16586416
16617145
16652873
16656289
16659623
16670684
16691063
16692564
16699315
16705648
16706852
16707944
16709982
16720620
16728450
16729728
16772250
16778446
16781595
16785908
16790336
16810586
16816694
16821013
16906476
16921505
16938858
17044809
17070198
17093731
17096878
17098518
17113459
17156244
17172126
17181122
17194624
17283265
17303895
17325838
17328406
17337296
17354210
17362884
17365736
17368435
17374983
17380523
17387730
17394277
17398765
17431290
17435210
17451333
17467771
17470422
17474023
17477551
17514619
17519498
17532251
17534970
17543967
17571696
17588433
17592447
17595468
17600095
17619360
17625019
17628368
17631788
17635193
17645836
17649120
17652408
17655113
17777533
17780778
17792353
17794656
17797217
17804144
17824224
17854543
17857848
17903361
17956071
17969305
18016621
18041064
18049422
18053705
18059313
18071429
18075627
18088538
18102812
18115670
18119522
18147174
18152890
18156411
18159503
18166694
18174928
18230069
18246382
18249745
18258737
18260737
18279707
18305227
18328712
18330184
18386202
18425644
18428220
18431830
18435837
18441546
18469777
18475024
18478602
18490550
18611609
18684762
18692092
18695866
18707510
18709938
18726479
18745809
18753969
18757978
18763482
18810942
18818212
18820665
18825612
