1
37254
122154
212664
224612
225824
228055
230029
326422
350575
353243
470647
509941
522717
523776
641574
724323
778853
878086
881144
896413
897718
946953
952141
971144
974336
989007
991060
993759
1059083
1063681
1064601
1066450
1155668
1166116
1167740
1169922
1188996
1193178
1231766
1239099
1264496
1297063
1381091
1401380
1554328
1693086
1756780
1918803
1971672
2052862
2055186
2125692
2128295
2134932
2148061
2159087
2161347
2163298
2169461
2178429
2183491
2208139
2216009
2217375
2221952
2229476
2231445
2262734
2270792
2272643
2274702
2278581
2353490
2355582
2415623
2541478
2669679
2671482
2711452
2717342
2718929
2803909
2838585
2840749
2842834
2852359
2909262
2915354
3165577
3185457
3242235
3329222
3346887
3360793
3363662
3368724
3370319
3372930
3397153
3401814
3405701
3414553
3525540
3541375
3736642
3741138
3749337
3758752
3865505
3878279
4059271
4110004
4113397
4119401
4158154
4170124
4172001
4223267
4333882
4389923
4499507
4635765
4651262
4680122
4799650
4809682
4832783
4858660
4950362
5128744
5155083
5195549
5235885
5266462
5273339
5372214
5440943
5445910
5498983
5553850
5570902
5575650
5605001
5628068
5629960
5637967
5642161
5649734
5655514
5657275
5782802
5831444
5855201
5980551
5984099
5986312
5987412
5994298
6068605
6071736
6074489
6076100
6083663
6089085
6112644
6113644
6127805
6268130
6271906
6553586
6558580
6663099
6824916
6981090
7017022
7029947
7050310
7052760
7141642
7178322
7182501
7185332
7193590
7206337
7221853
7223876
7227198
7231073
7235335
7328856
7339072
7341665
7352871
7359805
7362360
7371980
7381477
7382793
7392891
7400999
7421084
7452322
7457878
7460161
7467982
7535249
7537116
7606686
7731204
7929874
8189047
8192276
8196747
8198140
8199845
8202159
8215875
8238617
8274728
8355272
8586268
8602734
8643615
8644615
8839998
8878831
8934413
9059565
9060565
9277107
9319832
9400775
9433047
9550151
9675468
9681394
9695711
9726894
9863748
9878802
10104313
10110592
10112912
10174855
10177180
10188414
10191813
10218712
10220533
10244870
10334700
10348367
10404271
10504512
10555089
10556365
10559704
10563229
10638868
10692522
10791121
10862705
10874459
10876652
11011894
11018809
11161492
11214813
11224039
11232153
11273893
11280594
11287832
11309692
11338237
11456550
11517229
11669095
11682934
11694782
11724810
11734819
11753156
11805973
11813173
11814833
11833136
12043579
12354799
12590892
12652992
12657313
12680224
12697703
12769955
12801602
12805104
12881990
12897905
12904908
13349512
13352069
13361449
13364233
13396793
13440904
13446491
13465568
13736859
13789590
13816383
13920693
14024132
14189069
14192692
14196791
14213823
14363585
14405875
14432989
14445002
14455187
14459310
14462561
14642425
14666452
14707900
14711306
14713983
14812233
14926654
14980696
15011230
15109973
15113088
15140276
15141954
15162850
15166448
15170962
15172205
15182678
15272130
15274970
15279587
15284694
15295510
15355904
15360294
15364813
15367946
15370133
15371430
15435574
15466496
15491685
15546570
15549071
15598175
15676952
15687732
15713842
15718849
15743939
15750323
15759363
15762485
15764070
15788197
15790365
15800236
15801532
15804304
15816343
15820292
15840148
15843476
15844691
15849798
15852411
15854935
15857783
15868160
15872237
15875442
15877378
15878572
15884135
15888569
15907741
15912127
15919285
15922401
15926094
15930738
15989123
15993115
15998098
16001014
16013436
16032777
16082161
16084719
16105744
16123749
16136464
16139076
16143687
16382205
16384323
16448087
16458636
16462333
16490522
16513383
16597526
16599356
16606658
16609177
16643214
16673570
16746414
16839881
16856728
16889507
16921442
16923908
16925008
16928359
16931375
16934195
16937211
16938700
16942957
17019829
17024145
17036980
17038564
17041527
17095096
17125498
17131367
17137105
17150805
17153540
17193995
17215931
17218880
17256697
17268082
17316347
17322204
17324097
17327425
17332364
17384596
17389250
17391307
17406050
17409931
17411387
17413536
17421910
17423728
17431470
17468783
17480954
17500404
17553979
17557204
17573713
17578851
17581954
17583906
17585209
17586309
17598580
17604435
17611799
17624707
17629482
17634087
17642380
17645341
17646469
17652946
17666309
17683221
17685546
17698130
17703628
17707484
17714914
17717998
17720338
17725386
17728213
17735686
17738617
17775291
17795239
17820139
17823935
17833714
17905944
17935688
17945871
17947461
17949295
17952257
17953643
17956732
17957867
17961353
17965090
17968536
17970578
17983613
17999672
18013095
18015630
18099044
18101299
18102454
18132786
18136361
18138745
18151393
18154953
18160252
18179532
18182633
18187623
18218819
18221941
18225246
18235736
18240618
18245655
18247469
18259267
18263991
18275505
18279354
18283082
18286890
18303783
18312224
18316704
18365302
18367597
18368838
18397090
18410371
18506617
18510055
18514158
18561457
18616679
18618120
18753176
18802691
18829562
18834031
18838100
18839260
18855800
18857624
18861009
18884099
18895086
18898150
18911604
18914801
18918096
18941186
19058674
19061615
19070780
19118536
19143887
19177459
19221257
19223389
19226462
19247619
19255171
19315486
19322487
19325210
19326416
19330182
19332231
19333603
19352079
19358590
19360590
19369601
19374547
19376015
19392671
19423389
19426411
19438094
19499647
19503792
19507690
19510553
19514232
19532067
19572521
19588019
19590341
19602384
19606261
19609803
19611765
19618443
19622785
19626461
19629816
19636830
19661146
19662496
19663300
19673417
19701879
19706342
19709844
19723279
19744926
19746416
19756738
19762137
19765183
19767938
19772062
19781612
19784821
19816664
19819576
19824062
19826474
19838715
19842710
19844812
19848222
19851745
19860767
19863816
19867595
19870983
19875692
19879779
19886101
19894889
19900059
19905069
19908629
19920604
19926836
19943124
19948926
19963479
19973474
19975582
19978972
19982855
20030354
20036079
20057037
20058206
20062718
20066708
20071011
20077979
20081683
20101061
20104692
20108171
20111184
20150620
20163380
20167198
20200128
20203920
20208275
20246763
20248388
20250910
20255310
20258855
20263304
20303935
20305345
20306953
20322611
20346989
20363475
20367598
20371002
20374609
20379604
20391328
20395557
20397851
20411478
20418978
20460725
20463357
20474846
20513865
20523890
20525351
20535724
20538586
20605802
