1
52046
80885
92269
108374
111810
168529
192603
244788
286459
317472
330593
364403
369386
617612
686157
713976
737524
801697
832818
836409
846901
868419
869062
897844
924333
941195
961110
965322
982299
985293
989310
1006622
1021356
1031909
1047339
1055235
1057283
1058135
1060441
1070503
1072846
1075959
1110561
1115991
1118770
1160972
1192876
1196085
1201664
1271849
1335599
1345352
1348044
1352978
1355433
1392730
1404234
1409008
1410942
1412763
1434430
1442021
1445403
1470990
1561482
1589524
1624211
1645649
1900138
1973243
1985884
1994955
2004582
2011601
2088448
2108563
2111772
2127140
2129980
2134044
2141060
2144091
2209577
2299202
2306691
2309120
2315457
2465871
2546039
2563896
2565061
2577296
2580973
2584783
2623653
2655242
2657932
2659556
2663907
2666511
2678988
2681232
2789012
2807197
2960555
2964369
2966847
2976005
2987901
2992352
3070490
3073410
3074713
3091012
3227643
3292388
3484573
3498561
3522798
3538901
3706454
3720724
3906700
3961208
4399846
4405489
4408337
4436213
4503872
4655305
4746398
4787726
4823595
4969775
5264792
5512316
5540184
5614910
5652837
5653954
5777911
5779575
5851510
5879873
5972794
6079959
6090644
6138279
6203835
6205295
6239390
6247175
6379736
6390951
6419225
6565064
6568388
6580749
6621645
6841033
6845572
7029611
7098742
7136173
7195562
7204359
7327836
7331585
7551031
7602545
7678737
7684097
7725036
7730125
7761358
7770764
7774266
7777722
7780728
7782344
7784035
7787324
7791843
7817045
7832167
7851057
7869586
7931810
7953532
7955095
7957787
7963562
8022355
8090905
8095119
8163037
8202238
8204270
8225813
8240570
8243546
8448162
8482029
8488293
8542460
8545544
8590110
8592040
8767473
8816479
8820033
8824305
8826200
8829648
8849469
8858620
8866944
8871584
8877626
8904804
8908765
8925987
8936721
8947116
8949817
8952448
8973284
8993106
9057661
9085384
9087549
9092226
9183284
9283920
9341053
9561774
9709569
9724010
9757492
9768457
9779808
9799941
9809641
9827359
9919560
9920531
9925543
9935781
9941416
9969336
9976021
9986976
9990117
9993061
10015678
10024646
10026864
10042397
10067990
10098450
10139503
10184387
10188017
10351150
10354871
10391092
10555028
10640070
10649732
10654351
10655245
10748948
10752910
10759288
10762939
10790934
10801796
10803926
10835816
10873141
10875059
10876587
10896416
10978605
10980212
11011806
11022099
11123625
11196487
11347317
11361051
11482345
11526434
11536565
11596231
11631166
11727780
11763532
11806151
11809685
11831691
11867598
11887617
11897085
11912738
11940444
11946698
11974776
12025077
12029300
12041489
12042812
12070519
12080293
12091378
12130845
12138348
12143998
12289156
12298468
12306737
12349763
12351176
12376147
12468371
12539865
12542984
12545376
12586811
12592170
12601683
12662990
12670137
12671364
12685593
12724365
12732614
12738309
12777761
12781971
12792536
12796020
12808837
12810655
12811945
12815440
12833722
12859494
12889379
12893318
12915067
12918668
12920739
12924818
12928620
12932132
12938444
12939871
12942451
12946190
12956583
12959407
12967859
12970063
12971519
12974639
12996546
13000434
13002719
13017226
13020935
13022859
13025821
13093184
13097900
13102099
13111430
13129382
13136004
13150356
13152071
13155907
13161986
13163676
13165311
13206815
13247850
13258185
13314635
13326001
13327269
13330194
13340015
13445809
13521171
13532473
13535019
13538738
13545522
13600726
13607399
13615651
13620401
13639911
13651092
13655183
13657333
13662397
13666366
13674861
13689903
13696194
13705028
13708614
13712256
13739926
13744658
13764529
13824182
13845990
13847714
13854445
13860824
13873492
13877361
13879337
13881597
13885710
13888690
13892638
13896732
13900469
13902535
13904021
13907786
13915380
13919930
13924113
13927204
13931772
13943903
13949736
13977036
13985047
13986330
13990102
13991748
14003419
14007004
14085299
14092325
14121751
14124210
14142752
14161649
14163555
14171464
14174475
14181716
14235788
14239394
14242552
14246589
14248923
14267249
14270929
14282306
14313125
14321016
14335998
14340633
14464737
14467804
14470013
14478205
14497897
14508242
14525827
14540533
14544121
14548710
14562717
14581429
14586791
14589972
14606746
14609076
14621727
14625976
14628397
14630827
14641366
14668702
14690183
14700696
14716027
14723439
14732502
14735599
14775728
14779220
14782177
14783657
14785218
14797629
14876011
14898277
14903726
14910725
14914618
14916030
14928413
14930685
14935109
14940802
14950610
14953839
14958853
14992270
15084568
15132132
15147480
15151357
15161965
15165721
15167248
15169108
15170557
15174267
15176547
15180389
15183896
15195410
15199371
15213018
15214118
15340581
15343245
15348011
15352929
15367358
15377217
15380941
15382184
15384408
15388054
15391076
15395061
15396870
15560698
15562561
15564420
15570649
15576661
15578793
15604668
15615264
15616883
15620039
15634899
15636980
15641547
15658791
15664758
15687950
15697592
15708281
15711953
15714883
15717996
15725893
15741787
15791513
15840310
15844457
15852534
15873421
15876278
15886920
15922135
15929572
15931441
15941577
15945104
15958687
15968302
15988024
