14120
29486
53614
70598
96835
112017
113566
209599
224261
225508
230674
235954
279257
289769
297887
340542
342542
350192
409516
415044
418469
440419
447086
459072
499781
522085
523621
577962
581017
593253
609771
636652
639638
643637
647318
651397
657089
677950
681634
682987
685715
694283
698999
700387
704214
708127
712098
716148
723142
724720
726737
734092
739527
744758
752477
796232
815510
834906
861438
930408
936540
951518
966103
1061710
1064404
1067369
1080096
1085332
1090331
1093141
1112039
1113257
1116530
1120540
1124648
1128001
1157568
1159160
1160846
1163133
1173143
1180453
1185171
1198260
1205642
1207228
1244676
1257348
1267284
1295761
1332830
1354932
1358211
1360316
1364147
1371271
1385416
1398239
1418865
1424269
1425772
1427226
1429514
1437390
1439108
1470892
1512980
1521283
1529401
1541783
1548652
1574617
1589158
1656458
1705136
1874284
1876140
1878024
1893758
1915620
1917147
1992728
2025173
2026364
2114633
2121149
2125650
2219810
2221885
2229908
2232465
2237110
2250025
2287679
2344398
2368286
2391036
2408790
2424664
2435383
2470889
2510789
2513013
2521216
2523132
2588317
2661003
2675254
2769427
2829151
2867542
2869758
2878826
2880492
2882603
2887925
2891674
2896678
2900984
2903193
2905380
2918899
2920997
2938714
2942041
2943158
2946684
2949902
2951853
2959177
2962171
3019568
3028166
3067702
3074515
3083355
3114359
3169091
3171181
3234885
3285253
3317353
3402581
3414111
3415580
3418170
3422209
3424911
3428779
3448699
3451902
3478567
3481110
3484302
3487519
3498274
3510976
3525284
3529184
3530359
3609582
3634674
3698648
3700485
3731319
3831046
3848994
3872458
3896683
3915258
3934305
3955234
3959775
4067027
4071127
4106207
4139788
4212923
4258530
4291042
4300343
4302520
4308884
4355271
4369833
4371174
4374202
4387695
4389727
4522534
4534273
4579271
4676925
4738122
4763225
4792626
4873593
4884026
4908746
4919107
4961203
4967774
4987018
5117166
5119504
5121616
5191382
5275644
5278737
5291981
5310273
5313159
5314461
5317477
5319867
5365437
5369151
5371715
5375523
5380504
5400872
5411815
5413016
5417498
5468296
5471406
5473102
5475485
5517525
5521311
5689764
5717775
5878215
5946858
5990520
6013997
6065225
6099716
6199154
6452026
6567401
6595352
6619556
6647240
6656878
6658615
6753712
6829157
6927119
6930172
6962493
7004694
7033081
7034787
7036103
7152188
7475829
7491861
7679030
7748909
7858060
7962701
7964840
7983549
7990710
8058274
8131015
8197410
8203795
8204795
8313469
8374656
8402747
8429520
8442652
8605243
8607750
8611922
8613929
8714197
8743491
8776342
8780942
8788438
8962507
8990015
9139961
9159581
9161199
9166136
9195029
9207122
9266059
9295767
9302128
9451917
9457712
9486640
9535065
9539140
9584727
9590839
9593741
9597557
9634337
9638453
9664970
9673029
9675157
9677272
9682610
9689961
9692584
9705282
9720158
9737998
9779559
9798569
9806944
9808987
9810087
9813314
9814424
9821925
9894262
10027484
10028584
10054321
10102775
10132194
10141506
10296352
10318794
10347567
10348955
10365788
10370169
10371852
10399097
10400945
10443511
10569239
10584345
10623597
10629687
10657137
10661478
10685562
10694079
10695493
10698488
10720984
10737946
10784691
10864467
10915359
10971484
11001732
11060992
11062922
11092428
11096626
11120523
11134543
11147768
11184491
11187344
11210511
11234428
11303564
11341416
11462618
11471230
11624293
11868981
11911248
11923292
11926402
11973511
12024593
12099597
12174079
12184379
12200981
12217751
12284695
12333783
12345720
12354716
12359300
12407474
12538319
12563676
12657000
12661580
12669970
12675813
12701425
12709576
12713772
12721200
12723596
12726193
12732033
12737273
12989651
12991300
12995128
13059159
13106759
13439837
13465827
13470104
13498594
13533268
13564985
13571839
13643064
13653291
13692981
13735700
13745252
13780960
13796777
13809778
14044601
14068007
14151964
14275450
14295531
14344889
14613566
14642981
14688375
14693393
14736552
14770224
14795578
14816392
14886226
14904175
14947691
14988806
15010637
15258980
15265651
15321198
15344307
15355259
15364503
15381502
15383576
15384283
15388109
15391365
15393613
15407952
15441424
15481286
15546017
15547335
15550680
15553733
15699485
15725957
15744617
15808069
15913055
16011290
16043665
16098316
16100589
16212009
16216968
16227154
16256870
16267575
16342145
16344043
16635314
16685444
16686544
16793521
16809063
16811063
16850536
16851636
16882293
16900671
16905445
16907977
16941490
16945396
16954376
16958366
16969979
16972396
17028018
17152874
17158291
17200134
17215866
17242617
