46145
110821
115609
122639
141792
199845
205036
244186
383354
387929
389869
395408
397028
408496
410578
449150
479108
502171
537983
608038
813735
817382
828339
883553
947350
961401
962580
963809
969149
1001306
1134921
1144283
1156859
1223872
1266702
1337749
1340561
1348037
1377185
1430259
1437963
1441087
1445143
1516221
1583915
1678587
1688940
1691853
1749430
1759857
1784535
1809841
1816673
1855503
1974035
2034230
2037124
2077941
2097182
2099053
2196545
2212691
2400061
2427161
2681861
2794724
2852703
2896233
3000509
3052274
3071363
3181950
3488193
3632100
3639832
3693141
3767751
3903752
3906326
3910295
3932576
3935519
4016385
4017485
4020259
4023858
4163618
4250566
4287022
4289649
4290749
4294104
4296790
4298345
4307674
4309938
4315377
4345266
4360830
4426211
4471784
4529632
4542028
4566019
4595587
4670805
4674903
4853893
4858720
4899623
5067341
5168547
5172244
5236004
5343043
5493714
5515460
5574532
5720515
5721615
5792944
6054402
6089663
6468503
6566789
6788876
6803010
6805628
7013473
7168450
7250452
7293304
7364673
7372871
7583393
7587951
7592169
7799071
7859369
7996817
8005664
8405874
8732593
8770644
8779084
8798253
8802079
8810323
8875474
8893265
8942447
8945601
9357737
9520657
9576238
9600683
9602746
9682796
9696338
9703183
9800229
9819328
9942096
10006111
10156875
10175696
10190138
10194004
10378749
10500441
10735261
10741567
11101896
11253499
11329264
11388554
11392378
11398286
11697439
11737422
11754924
11815234
11830165
11853841
12016804
12065987
12127814
12271943
12425478
12443161
12460910
12464067
12549550
12553380
12555645
12562758
12625903
12627786
12629473
12633540
12660854
12662849
12666132
12667509
12745698
12861540
13209240
13238014
13317058
13337279
13339661
13397362
13451353
13500406
13523470
13594822
13632232
13729990
13735426
13761825
13792590
13795028
13845808
13850800
13973410
13974827
13976949
14098029
14099276
14264944
14327511
14329289
14373121
14444608
14445608
14458989
14527326
14529951
14684846
14771610
14779472
14787139
14852254
14854717
14927956
15004243
15033904
15100618
15151989
15387507
15392992
15442276
15474238
15477836
15805903
15808643
15812926
15829999
15855159
15942792
16034846
16097367
16104982
16107587
16116852
16117952
16120978
16131544
16269581
16289566
16538400
16678943
16701630
16736321
16776211
16801058
16810813
16819738
16850450
17030817
17053139
17363694
17367219
17427118
17430249
17461925
17507212
17616169
17676785
17687628
17693013
17701063
17747417
17815100
17829679
17846974
17995631
18007850
18037668
18085034
18119936
18123933
18176272
18263702
18318416
18339352
18533119
18623356
18696052
18698813
18892295
19001045
19041177
19053331
19088958
19102950
19106613
19145867
19183828
19210682
19214940
19295243
19298493
19351374
19383940
19413866
19470748
19657668
19661294
19669815
19712463
19720884
19722135
19724631
19773580
19780548
19804585
19813791
19817495
19819946
19907286
19910782
19913490
19915619
19917500
19921150
19927015
19930206
19933050
19937533
19941476
19945010
19956365
19964731
19968144
19972278
19976235
19993381
20004074
20008069
20040558
20161378
20166564
20181981
20190406
20198895
20206482
20280033
20283493
20284593
20285083
20289038
20334932
20389293
20390293
20406244
20418821
20454992
20462931
20464327
20468585
20470488
20505765
20563730
20579798
20581725
20640853
20650626
20658411
20661637
20681994
20685636
20699289
20704493
20716677
20722067
20727029
20739625
20761874
20763797
20771606
20788877
20791941
20794185
20797664
20822936
20875638
20879952
20888186
21121494
21125140
21140418
21159112
21160744
21163330
21220517
21221686
21229676
21238505
21241107
21296019
21299621
21304362
21356802
21361071
21363094
21366605
21372159
21375634
21399072
21493806
21569199
21572398
21576272
21579871
21584048
21624935
21626481
21630830
21672856
21675277
21677731
21712871
21716730
21735716
21756533
21760008
21762885
21779444
21781612
21786147
21797740
21809286
21845294
21848188
21849598
21935825
21953037
21955729
21964513
21981441
21987883
21991780
22025788
22027789
22030406
22034342
22059034
22064824
22071287
22081743
22083297
22085439
22087019
22098513
22138284
22143526
22147111
22158231
22162920
22164661
22171356
22176076
22179421
22183338
22184729
22186849
22194534
22202512
22217268
22225810
22230262
22234689
22258683
22266221
22269991
22272337
22273475
22281983
22295857
22324474
22339324
22344929
22360830
22364095
22369073
22373057
22376301
22391427
22395595
22398554
22439913
22446809
22466940
22468259
22474396
22480204
22516535
22530488
22533082
22546386
22548074
22554618
22556819
22561540
22562932
22567426
22575067
22608321
22690941
22693394
22696216
22699891
22710897
22727661
22752103
22753430
22757748
22802128
22806409
22824821
22826821
22846677
22850526
22872501
22880960
22882241
22885982
22889163
22905189
22907654
22910901
22913252
22914789
22918671
22922239
22928026
22942863
22945899
22949024
22957730
22991620
23007545
23009213
23010842
23016467
23038448
23059926
23061228
23069202
23072220
23083012
23087235
23090395
23097462
23099686
23136151
23144193
23161563
23163306
23172728
23173828
23189645
23192332
23228874
23230914
23247834
23276480
23277692
23301403
23340898
23419946
23437010
23438841
23443641
23471258
23474532
23495551
23511606
23552639
23555911
23559393
23560244
23574565
23583746
23586157
23588436
23603477
23605948
23609249
23627329
23629472
23631026
23674696
23676807
