1
8058
16401
19672
35463
72358
74162
90817
122386
124523
147614
159777
161879
163482
172177
189105
190860
207839
250495
287288
296110
302982
353214
378849
382664
399587
403137
408386
410434
411423
422922
501327
506373
507694
539659
548742
552005
574627
580327
666256
667921
671292
725662
727128
752032
769799
771975
775428
776692
779469
783317
795349
800761
808200
811796
839655
877873
882191
884140
885217
888148
898711
930449
933841
945955
948379
975812
978567
982302
997718
1004637
1016024
1041101
1052926
1089328
1094783
1108674
1111903
1119545
1125578
1126788
1132414
1145463
1147676
1149753
1155286
1161486
1167295
1173742
1229629
1234076
1235802
1238551
1258139
1288388
1307747
1309213
1321812
1338170
1339931
1353833
1357545
1365857
1366475
1368591
1437815
1473421
1497085
1501829
1506097
1509510
1513239
1516133
1519778
1521433
1538797
1542170
1544356
1568351
1579998
1591741
1600118
1603865
1605501
1623463
1625669
1633348
1643372
1677654
1679715
1682267
1690440
1697809
1699687
1703781
1706914
1711756
1717455
1764715
1807433
1810440
1835983
1897631
1898952
1900161
1919523
1921121
1948837
2144090
2145759
2164587
2212492
2242325
2276191
2294541
2295907
2305021
2310313
2347973
2368739
2370815
2372414
2376291
2411500
2416433
2418324
2420717
2425779
2428454
2436236
2440174
2450878
2477300
2487595
2496164
2498143
2499852
2503505
2530111
2533667
2540689
2543771
2553926
2712797
2715877
2755333
2759726
2765113
2767819
2769593
2771151
2774334
2778896
2804334
2807152
2849249
2852679
2871130
2888496
2906323
2922082
2924342
2965468
2983416
3002578
3005220
3008511
3011779
3013619
3019640
3021068
3032412
3130719
3157231
3231370
3234662
3249923
3255631
3261789
3296719
3405929
3456124
3470818
3475135
3489390
3490582
3494021
3531749
3536056
3658716
3660895
3684222
3696000
3721248
3723967
3727958
3752568
3789192
3803155
3829080
3914557
3937462
3942413
3977369
3980726
3983102
3990565
4023293
4027677
4111330
4150758
4175520
4183481
4254016
4309546
4341571
4342671
4348901
4358067
4363204
4368237
4506356
4521734
4525523
4533122
4537526
4562351
4644039
4673055
4719344
4740772
4759221
4771066
4783047
4784515
4827714
4862914
4964271
5051093
5069498
5088585
5098307
5100043
5102502
5148583
5169782
5173043
5207173
5216574
5232527
5239692
5243844
5258378
5394719
5396141
5397900
5405494
5575522
5586389
5641304
5683854
5686320
5689209
5693296
5696912
5708160
5710440
5724198
5740920
5758029
5760894
5762444
5830054
5832083
5833739
5850466
5872446
5930650
6001583
6058569
6173030
6261398
6293287
6348327
6351923
6355271
6384171
6389094
6392884
6403337
6420274
6422703
6427701
6466218
6536173
6629955
6648805
6726542
6770156
6826332
6918328
7083644
7151576
7178843
7211029
7212901
7270985
7278837
7296425
7299359
7303017
7326859
7333393
7359906
7382201
7384338
7423444
7425746
7438609
7479715
7483228
7488591
7531056
7545255
7568761
7650515
7681965
7853863
7887097
7889263
7953273
8010066
8048617
8120146
8221587
8239464
8270182
8292955
8296798
8301980
8309232
8312478
8324229
8342450
8357785
8365993
8387759
8411337
8429135
8467353
8471711
8474671
8487155
8510055
8552778
8647139
8730516
8992107
9066211
9075251
9083215
9105945
9134302
9334857
9439634
9574875
9576915
9646819
9712794
9767931
9838934
9964430
9969326
10208867
10211711
10279441
10327245
10427161
10430795
10453389
10503568
10661780
10667386
10670784
10687433
10753167
10791269
10849888
10856681
10858555
11246315
11247816
11250161
11488130
11504473
11506035
11529525
11618315
11621715
11669216
11673129
11869222
11967869
12046103
12161122
12197030
12292534
12343701
12373845
12492854
12549667
12773068
12797073
12800027
12817212
13242254
13243254
13421690
13616698
13651687
13915625
13933570
14120610
14168370
14174669
14212270
14241601
14338225
14405657
14415234
14418208
14452585
14455277
14521570
14592796
14595939
14608494
14636988
14653532
14737215
14744063
14748540
14755860
14757225
14759490
14807676
14814470
14823310
14840354
14851646
14856820
14867314
14893330
14907513
14925604
14974219
14976064
14977993
14994687
15029195
15030323
15033107
15035774
15036689
15207884
15223874
15239528
15243677
15249220
15278307
15302028
15304680
15306199
15336054
15354802
15359096
15470029
15524376
15579649
15605423
15655853
15666897
15670160
15698308
15814545
15826111
15851301
15863247
15980148
16031879
16152574
16217831
16317842
16319232
16337096
16360966
16411599
16529639
16533949
16536421
16540159
16556631
16559744
16563653
16567036
16599019
16606772
16610027
16624001
16632412
16658060
16687801
16710505
16712334
16716308
16721955
16723144
16729849
16746057
16755594
16760660
16794668
16796204
16803099
16849263
16880764
16901746
17298816
17305067
17361078
17407414
17475929
17508676
17543364
17544608
17638548
17691333
17785054
17786154
17787273
17801651
17805404
17813313
17820374
17927603
18262591
18270279
18454241
18489766
18602518
18685507
18700958
18702883
18704883
18760561
18886017
18894312
18947955
18950296
18989947
19109162
19174588
19255767
19325926
19406334
19464857
19478045
19497502
19600254
19627100
19630101
19668861
19692202
19694519
19695782
19750548
19887381
19890494
19902763
19909770
20139390
20143496
20181474
20184723
20199261
20306048
20309692
20341033
20343810
20347382
20358965
20360988
20430816
20444150
20475218
