1
17782
101932
112028
116349
119465
177439
182133
183823
186407
214404
215726
225719
235740
239411
249560
273865
280038
284420
449602
463081
481377
492975
580390
670238
716716
863431
866541
966013
975160
984527
1037359
1041095
1069753
1167946
1169548
1172548
1175835
1205300
1247616
1327453
1329010
1342745
1346524
1370458
1406545
1620327
1625951
1661104
1809136
1933272
2002815
2006195
2041558
2058517
2077148
2079148
2126496
2161488
2162694
2166411
2180253
2192974
2198199
2215970
2233535
2248928
2254626
2259809
2308551
2336012
2337689
2399604
2403068
2408515
2411697
2413922
2475017
2480618
2526003
2553401
2606755
2614790
2621379
2624892
2631809
2635924
2638144
2651136
2652275
2653571
2676398
2677858
2681482
2698372
2702926
2737806
2850582
2907512
2948871
2980618
2999997
3034676
3054376
3064263
3073843
3077315
3079386
3081414
3083874
3085825
3089407
3095841
3101535
3181647
3210495
3271989
3285444
3382288
3430035
3447031
3471351
3495454
3499751
3805303
3807038
3832180
3835647
3847753
3886900
3927922
3998765
4002918
4017760
4022105
4036253
4118805
4216603
4218884
4220496
4223108
4411384
4429074
4467090
4469141
4476075
4539705
4541625
4545746
4684234
4718964
4731774
4735298
4740599
4742816
4746184
4749905
4757278
4759171
4766200
4770425
4882830
4888563
4891157
4905451
4909059
4910515
4914303
4929199
4961380
4978438
4988182
5009564
5012817
5022978
5027359
5029125
5129893
5175687
5182826
5273477
5340109
5346495
5376112
5381203
5472978
5476376
5487378
5544180
5554764
5560530
5569167
5574629
5577843
5593679
5599841
5603148
5604242
5606771
5631101
5675860
5739004
5757899
5823800
5827631
5943312
6055366
6148633
6166189
6246244
6284134
6317137
6362689
6369717
6476661
6544329
6578705
6620760
6628685
6633048
6639522
6668746
6696809
6712850
6715407
6719630
6740611
6795667
6883269
6896294
6954981
7001603
7031406
7045686
7055062
7065053
7087203
7102358
7154639
7243879
7783478
7892522
7927067
7946948
7981333
8036823
8151376
8153342
8162322
8206497
8238497
8359071
8378080
8407407
8409861
8412977
8511546
8695034
8698679
8925248
8940142
8958994
8972511
8986418
9037748
9059339
9060811
9081347
9083952
9088988
9094671
9106367
9141046
9297136
9309079
9329321
9336759
9342917
9345595
9345931
9361493
9376190
9378167
9382424
9462825
9508976
9635957
9647191
9667810
9845585
9897796
10092008
10128138
10248825
10305374
10320587
10325865
10346453
10397387
10417873
10441660
10445654
10449748
10453110
10480205
10496293
10500633
10653464
10792588
10834670
10861771
10863620
10988759
11061196
11152467
11154533
11226007
11273811
11339140
11376906
11406439
11446161
11448124
11462979
11539500
11552273
11638763
11650999
11693423
11716497
11760378
11783203
11786656
11811802
11889205
11898503
11915388
11982211
12011911
12013373
12029748
12064387
12071789
12073980
12076843
12090709
12130558
12191167
12221262
12260957
12263564
12269916
12285449
12416659
12418187
12454645
12465301
12511372
12648388
12700139
12701507
12741200
12817957
13093091
13130980
13147379
13240791
13283903
13342664
13415579
13418985
13421549
13424473
13446620
13485247
13488096
13500613
13504617
13505730
13531946
13537631
13548558
13685283
13735832
13804327
13822373
13899059
13917577
13921091
13979039
13982791
13987373
13989238
14041858
14119076
14125443
14126730
14153319
14162126
14208962
14214796
14216741
14218181
14233231
14239783
14243952
14244940
14259839
14264420
14267980
14310501
14354309
14369902
14378605
14381292
14390779
14405318
14428799
14436405
14592285
14599617
14651910
14668701
14684614
14695895
14698831
14708112
14708791
14725552
14817282
14839199
14862688
14888099
14891023
14894461
14895483
14900397
14902443
14905473
14918890
14921004
14922599
14956922
14979463
14987515
14995835
14999869
15044837
15048831
15059737
15074903
15076089
15079714
15120731
15141728
15167694
15276664
15366922
15369063
15394936
15421972
15449397
15654560
15750520
15779660
15785251
15794895
15805538
15807533
15849188
15891349
15896250
15908293
15916513
15922660
15923764
15939182
15943255
15945730
15953053
15955686
15958939
15960227
15964775
15970435
15996483
15999624
16002245
16017609
16025028
16029309
16033968
16063095
16081419
16098223
16101315
16108615
16156008
16157890
16161009
16164166
16167870
16179987
16184776
16205943
16209873
16225381
16228039
16232097
16236717
16245326
16249023
16256281
16260772
16265410
16270398
16274436
16275284
16276830
16278818
16285100
16319073
16323223
16333606
16344519
16352323
16361009
16391772
16420290
16490198
16497606
16539306
16540464
16557453
16569217
16571794
16579418
16582965
16586879
16605616
16608795
16613558
16622149
16653491
16657367
16663857
16695885
16726576
16728722
16744531
16748399
16752183
16756424
16761603
16795082
16796716
16839354
16852275
16861022
16876887
16878623
16881728
16884120
16918849
16932617
16968231
16993474
16994580
16997960
17022442
17078400
17086926
17154994
17186498
17209945
17213827
17215223
17228639
17239886
17247165
17261457
17267196
17281143
17284471
17287223
17290145
17299356
17303622
17305654
17308730
17311214
17319878
17322895
17326603
17328347
17330055
17336729
17338390
17342451
17402994
17427351
17428687
17433220
17464897
17472064
17489661
17491800
17512146
17515324
17520065
17527239
17550684
17556312
17568448
17600053
17601498
17603210
17607627
17610840
17652065
17657852
17700559
17738331
17745679
17747957
17750360
17760529
17819860
17845929
17848948
17852947
17854047
17867645
18012831
18034924
