6385
12765
40181
42209
43446
46511
52192
73635
74735
93803
95859
117339
168481
171983
175717
194349
195752
197139
275137
299332
319669
341480
378818
430275
436500
477513
482366
485746
494072
497975
503806
505537
507671
519274
521818
539083
541083
546254
569757
580199
581893
584924
651048
680441
703717
721546
723119
738149
738749
745960
750011
769051
775759
777648
795595
798800
800167
804533
808354
827933
831364
834874
852223
872053
876388
892098
893683
908720
913049
926573
934173
969115
972837
974428
976319
980328
1105511
1125537
1140107
1144123
1151574
1155551
1158428
1163477
1188461
1205166
1207180
1211695
1214766
1220272
1223919
1225723
1227646
1272572
1274647
1276441
1284150
1289863
1292030
1313802
1315728
1346076
1354307
1360659
1365005
1370331
1406504
1410025
1466221
1488628
1492834
1549058
1552280
1557423
1558516
1569852
1572406
1575997
1577281
1584303
1592790
1597111
1600858
1604937
1608671
1611744
1613978
1620944
1627606
1643620
1645682
1649583
1654218
1659675
1663560
1684708
1711404
1726434
1729593
1734406
1743172
1746820
1779091
1781064
1815386
1819214
1857131
1865446
1877671
1881865
1884954
1896076
1897892
1905188
1908822
1914124
1921661
1926171
1928093
1929935
1939775
1941800
1943993
1959075
1971875
1994663
1999049
2007694
2010515
2018752
2026505
2033532
2038085
2041646
2072078
2079004
2081829
2085780
2088406
2120011
2122036
2123047
2125952
2129644
2147647
2151894
2158023
2169520
2171531
2179010
2197397
2202422
2208133
2224310
2230561
2249595
2252021
2253162
2262392
2268511
2284570
2289283
2305106
2309217
2342632
2349937
2369600
2377264
2380716
2388466
2414589
2419467
2436413
2439709
2443221
2457425
2461838
2463122
2465628
2468472
2473458
2476266
2533063
2540932
2543060
2561455
2584321
2587627
2590057
2599917
2605479
2613530
2615499
2711168
2743101
2793392
2795184
2810385
2813429
2860001
2940882
2974737
3011924
3041352
3053052
3108342
3202588
3204653
3219146
3245853
3251424
3259290
3313477
3317026
3343265
3404023
3405123
3409468
3491096
3562850
3628134
3713433
3868496
3915305
3928336
3933411
3941632
3958573
3978797
3979625
3982798
3990760
4047731
4134303
4202871
4225077
4248457
4250496
4319100
4332356
4347079
4366580
4391902
4492067
4494716
4505400
4555243
4561768
4564188
4566796
4571831
4642953
4670816
4674562
4976556
5111401
5245007
5289600
5290442
5338282
5423951
5426410
5447865
5472274
5591254
5613975
5665236
5823048
5826364
5828922
5836314
5838181
5856360
5859708
5861905
5872775
5878878
5899899
5906349
5907570
5914827
5916116
5917126
5927083
5940735
5949296
5952621
6129883
6163887
6181322
6302590
6338224
6443686
6516661
6520591
6575434
6665291
6667470
6741230
6840007
6842278
6854162
6887897
6906735
6922907
6932389
6972007
6998773
7024670
7059573
7063205
7066617
7072322
7125904
7195072
7276437
7317116
7353897
7525579
7564073
7565695
7670317
7692105
7787568
7807824
7903761
7986324
8154768
8166996
8230995
8544144
8614068
8641167
8642516
8680389
8794546
8833904
8978105
8988987
8996215
9066501
9163986
9198650
9250479
9262453
9290312
9345459
9355998
9359792
9463777
9499717
9514449
9549345
9674012
9680892
9684390
9686814
9694638
9710494
9712662
9714207
9717030
9725921
9855933
9896638
9945026
10042449
10119157
10167153
10179161
10367831
10397099
10400929
10495380
10524828
10529568
10541213
10597440
10653141
10668519
10671907
10690488
10703966
10786020
10879281
10881840
10897537
10927683
10993134
10999775
11053592
11183656
11199803
11200903
11214027
11216905
11395398
11437623
11647664
11794051
11815349
12109822
12151014
12179847
12184760
12191374
12210500
12220152
12449589
12527265
12624448
12758588
12772067
12834163
12909919
12988991
13167630
13188327
13261986
13318478
13336688
13341003
13369301
13372484
13416864
13422428
13435646
13438969
13443683
13452943
13454171
13608600
13654529
13786933
13788540
14037663
14379220
14704600
14924440
15017149
15124708
15236169
15255694
15267259
15270937
15274589
15325646
15885088
16004285
16007675
16053935
16232831
16483473
16511158
16532284
16539788
16582743
16698633
16725746
16759054
16773269
16774369
16776651
16823657
16873158
16876152
17034382
17073924
17086705
17231951
17235804
17237772
17244614
17245714
17306328
17360157
17389922
17430092
17667369
17721122
17880456
17900862
18096644
18211810
18213213
18222371
18224174
18235242
18331919
18546687
18552146
18612136
18613654
18615175
18675979
18698147
18736958
18738058
18739117
18770640
18771640
19077527
19103084
19104084
19137816
19167894
19376698
19404868
19436971
19439528
19511859
19513152
19514755
19519416
19670249
19784231
19798402
19811546
19854460
19912679
19999242
20046802
20083371
20086140
20300851
20364173
20417171
20418171
20438629
20441788
20442888
20465242
20467030
20486747
20734049
20799891
20893730
20944085
20947776
20978803
21025896
21086706
21162314
21195264
21201266
21237815
21238750
21241610
21271243
21272343
21289793
21295380
21334606
21357965
21365144
21431568
21448135
21482838
21486833
21491039
21577929
21673042
21976759
21990303
21994206
22016026
22109182
22193307
22245816
22351225
22379234
22462198
22480299
22496741
22514595
22571649
22573626
22577294
22580282
22584851
22589105
22608649
22614766
22618312
22622696
22653362
22655546
22656528
22680895
22684446
22687381
22694672
22696474
22699369
22710603
22712456
22714923
22738142
22741123
22744269
22762812
22776950
22794133
22799981
22806139
22823155
22856156
22882214
22917873
22986834
23040396
23043921
23047443
23059613
23061460
23065413
23068570
23077042
23080692
23088141
23134629
23230233
23351909
23381622
23427280
23453385
23524876
23789257
23874847
23897572
24183873
24245391
24260059
24284823
24487523
24494873
24498008
24545313
24549567
24560725
24563272
24635271
24666111
24671218
24703549
24726911
24727861
24743157
24759704
24865624
24939335
24957682
24959037
25025816
25028867
25050559
25054227
25119508
25236415
25292991
25298098
25301098
25312574
25338892
25348015
25384879
25391817
25400814
25402679
25410246
25414144
25424782
25429866
25431576
25433405
25435592
25445239
25448107
25452149
25458639
25461096
25463123
25473483
25475351
25483488
25509145
25513141
25524718
25526705
25529534
25533514
25538452
25563431
25646483
25708448
25714853
25741394
25810507
25827605
25831454
25833339
25836584
25954941
25957073
26041098
26050451
26123841
26188668
26191195
26196267
26202524
26221990
26223686
26312721
26324806
26532985
26534537
26691772
26888032
26889742
26996525
27075649
27106140
27128507
27174359
27178829
27202778
27238461
27244365
27248466
27249936
27257988
27263972
27271842
27290085
27366295
27367395
27481945
27497053
27498413
27510303
27516909
27536124
27546795
27554332
27562539
27578108
27612972
27616849
27640309
27642950
27663209
27677492
27698120
27701210
27703611
27707497
27712948
27716285
27719591
27772136
27784590
27786347
27798830
27834271
27854563
27939417
27963507
27974095
27978540
28005044
28069287
28071842
28112337
28117777
28126530
28129442
28136462
28145084
28151741
28163207
28166291
28171093
28173438
28175874
28177089
28178715
28182404
28187762
28192316
28194127
28197721
28208031
28229663
28231969
28250636
28260737
28262418
28266830
28270967
28272433
28274519
28277470
28305193
28374366
28388159
28401429
28407885
28423140
28426603
28515706
28583136
28585356
28622056
28626715
28685540
28751739
28754325
28777538
28779879
28784260
28787386
28803550
28806315
28809864
28812762
28820994
28832940
28834989
28838155
28853217
28856586
28858272
28881884
28889713
28891005
28893041
28900287
28904464
28905669
28912443
28917375
28920194
28926652
28928722
28941064
28942461
28945662
28950137
28953908
28970142
28977644
28980690
28984435
28987293
28992417
28995226
28998747
29002755
29007797
29078214
29083972
29099351
29112675
29115571
29146613
29148088
29149399
29152263
29153706
29178699
29193011
29197397
29218518
29222376
29224078
29225972
29229722
29233232
29244134
29252034
29261035
29276074
29277613
29281359
29296063
29385026
29388429
29405214
29409044
29413674
29415488
29417815
29426637
29428637
29442218
29483238
29488026
29508779
29511053
29543462
29555840
29567339
29573078
29635332
29636847
29640944
29642441
29646288
29647716
29663614
29666027
29673815
29675656
29694607
