1
28569
214618
216914
229648
278570
285161
286356
344015
525112
536133
570766
838457
1078511
1167777
1434688
1557877
1577104
1628889
1631184
1633553
1641383
1649294
1655014
1658951
1661687
1671167
2029756
2080745
2149639
2153416
2158127
2165056
2166156
2167446
2188209
2191777
2215548
2219288
2322663
2325999
2331719
2335529
2345898
2347271
2348833
2357493
2362088
2366569
2568191
2598845
2609661
2616787
2617979
2621410
2686843
2689306
2698952
2702093
2704417
2705789
2714491
2729837
2738577
2742070
2746448
2749130
2753418
2755849
2759720
2763227
2767355
2825109
2832777
2836139
2864743
2868187
2872407
2880366
2882648
2893503
2901391
2908090
2990401
3053512
3063060
3163275
3177605
3222867
3263129
3286689
3363952
3522132
3524097
3602244
3641088
3665278
3694209
3730299
3738999
3761336
3769336
3771028
3812561
3819522
3823295
3854344
3924004
3927205
3965950
3996661
4015034
4036011
4264638
4374897
4451642
4598105
4688100
4692226
4778608
4782545
4837674
4839013
4840779
4948824
4952556
5084056
5106078
5143849
5235163
5236824
5310877
5492201
5496538
5498191
5613473
5896713
5928016
6143202
6178778
6643115
6764303
6967338
7065732
7067397
7089737
7102982
7121648
7159776
7187099
7218504
7280875
7285136
7319226
7321898
7689939
7690939
7924578
7926449
7931343
7935082
7947070
8020734
8125445
8209692
8222870
8325398
8344229
8360774
8441190
8445639
8644805
8648660
8664270
8666136
8747854
8768096
8771850
9068056
9246857
9256285
9264438
9424415
9488521
9493681
9579860
9594277
10073001
10174795
10365777
10470851
10564659
10570726
10589498
10969556
11054778
11058136
11186591
11207812
11239033
11472102
11490540
11528394
11826040
11848092
11863946
11925907
11941977
12049723
12051693
12143686
12147752
12393756
12479203
12493200
12656318
13098796
13327149
13372878
13486920
13521692
13542976
13627984
13656060
13703857
13753222
13826461
13827720
13831325
13837552
13840654
13843337
13893392
13897809
13915721
14124422
14131552
14341018
14366066
14375049
14514015
14662948
14801434
14880836
14892921
14964262
15035552
15104019
15107536
15129276
15152376
15156013
15159204
15164578
15168340
15175664
15188830
15192972
15195806
15198906
15202729
15205979
15210088
15245432
15252997
15280727
15295669
15312258
15313874
15356694
15359573
15495861
15512320
15541265
15546492
15553228
15570763
15625689
15642515
15643515
15645293
15649986
15671067
15732641
15933200
15997738
16003498
16004627
16076972
16133950
16137731
16155888
16157212
16160795
16164347
16195786
16197786
16230909
16232059
16239319
16293597
16300402
16305674
16311360
16314641
16315409
16317782
16341491
16345231
16346955
16388340
16390380
16400663
16405493
16408235
16410446
16433752
16457340
16472829
16503534
16506292
16592708
16607656
16610934
16640111
16643760
16650107
16652731
16659162
16688911
16703457
16705476
16716752
16720680
16737111
16744822
16746889
16750721
16827309
16831913
16834148
16836102
16861880
16921641
16941098
16944564
16949408
16951903
16977704
16992538
16995555
17000347
17021424
17023316
17025467
17029747
17034847
17036835
17078421
17079698
17110180
17128682
17140286
17177241
17215937
17397364
17430238
17432745
17434913
17534229
17536508
17546035
17547379
17549747
17551955
17556167
17558566
17574789
17587169
17589681
17593640
17603832
17640988
17644359
17652104
17667522
17673857
17684412
17792088
17795936
17816882
17820043
17824506
17921564
17953581
17972393
17987934
18003435
18008246
18011960
18040438
18062541
18064276
18066249
18072895
18095581
18111173
18115350
18122719
18132695
18133795
18137529
18142657
18144286
18145787
18167436
18168947
18172883
18212623
18215316
18228687
18232814
18236042
18238159
18242113
18247486
18260217
18270254
18291566
18293415
18298368
18301021
18322939
18327094
18363960
18375656
18409429
18413517
18417475
18421479
18423329
18436760
18437956
18444885
18447975
18459254
18480173
18498822
18500822
18506249
18508980
18528595
18531820
18533398
18544410
18552112
18552844
18554167
18555763
18558205
18564312
18570911
18585978
18593190
18599387
18600618
18603170
18608774
18613684
18626157
18634162
18709666
18721191
18758226
18762721
18783704
18787666
18789341
18870525
18947851
18973119
19005213
19013155
19014255
19017201
19064747
19067991
19071503
19114644
19132644
19137503
19141897
19183829
19271806
19283395
19290690
19292747
19294233
19302306
19304398
19310892
19318552
19320397
19323954
19339825
19342741
19354764
19376159
19378181
19381841
19383589
19439530
19442439
19449860
19457720
19459403
19472419
19476552
19496594
19510504
19513941
19557479
