264
3177
5484
7842
14140
41517
76467
96987
162591
207228
275218
324943
326503
332321
334362
357996
364997
369353
376114
408558
414172
434322
443286
446880
506642
508649
513464
521252
602546
636934
698853
701628
712640
786119
799025
814252
843038
914712
919098
926214
973079
975683
1007788
1026855
1049840
1253280
1295226
1415111
1417232
1695335
2011922
2039904
2046584
2053037
2072255
2089018
2206907
2263599
2266920
2309899
2312272
2387902
2391510
2452625
2478176
2507327
2691724
2693556
2734148
3023848
3035025
3093952
3267601
3333693
3390253
3392808
3411258
3592369
3887887
3973629
3996149
4135363
4212755
4236377
4288907
4334347
4372128
4431111
4487302
4491403
4516006
4567692
4571908
4573695
4582699
4605072
4607827
4614608
4636243
4651229
4654525
4658789
4662001
4665943
4672984
4677055
4680577
4709067
4715345
4722856
4743976
4749285
4751330
4754936
4770765
4773638
4775213
4776313
4778823
4831813
4866569
4883236
4987254
4990080
4991856
4995544
5007368
5078221
5084677
5172724
5184002
5311624
5364180
5370074
5378691
5381825
5384399
5433124
5437281
5476248
5477725
5483328
5709439
5719431
5909065
5910065
6094966
6108358
6159538
6259572
6284374
6359920
6362333
6485245
6521447
6532245
6561909
6573459
6577041
6623240
6713118
6722326
6731762
6733259
6781965
6785622
6869432
6984647
7010714
7014456
7048706
7066515
7080898
7101895
7126440
7165233
7176257
7179625
7180725
7182327
7308417
7316803
7364083
7380287
7554366
7590411
7615714
7619385
7623476
7653719
7688960
7760761
7807663
7810382
7837583
7846742
7953423
7955369
8044783
8219879
8278490
8283146
8288795
8389760
8972340
8975889
9046197
9125306
9171608
9243052
9317102
9333215
9335588
9338289
9378386
9382598
9390077
9417978
9535872
9658330
9714287
9842082
9844091
9846207
9864710
9868371
9890658
9991336
10021636
10023565
10037857
10040378
10053407
10061617
10085738
10088429
10090037
10147371
10157292
10160964
10163673
10165454
10168555
10243594
10391218
10505480
10586643
10595666
10602238
10971449
10994171
11260014
11312686
11359292
11502080
11519802
11552538
11567267
11770258
11901295
11987359
11991038
11998858
12025755
12030045
12039813
12051933
12057991
12062094
12091625
12114965
12813763
12817430
12820591
12824604
12865895
12873200
13032703
13086336
13088906
13272181
13371170
13375816
13377544
13461574
13555002
13587245
13597343
13598774
13604277
13606897
13762371
13791412
13811884
13814402
13816190
13817770
13943596
13978887
14021024
14048162
14092470
14104048
14139230
14186966
14191646
14197213
14213603
14220126
14230810
14241129
14253502
14293990
14306218
14321488
14341325
14358963
14360406
14368786
14370520
14386292
14393363
14398282
14436005
14438491
14439628
14451658
14458755
14489697
14491506
14528635
14530781
14532655
14537191
14544739
14558656
14563883
14566481
14569007
14577768
14580276
14592078
14631795
14643526
14647169
14649782
14659622
14674924
14683702
14690931
14707998
14712621
14715887
14728856
14732504
14743969
14745969
14757844
14775054
14778626
14785566
14830244
14842983
14845296
14847409
14858698
14893312
14901239
14911654
14930726
14964166
15006155
15016650
15027725
15116426
15154405
15163119
15204277
15231722
15235833
15291135
15346689
15369525
15372051
15374332
15382068
15385568
15390370
15392510
15400105
15402234
15404364
15423157
15439104
15482101
15485301
15522307
15527238
15529149
15546777
15549087
15553813
15557027
15561609
15563073
15568908
15572846
15574582
15594685
15608838
15632555
15638051
15642497
15646328
15677359
15680707
15687057
15688686
15692833
15767681
15769377
15775068
15777356
15795438
15798584
15801610
15836941
15844252
15894935
15933328
15964710
15970575
15981350
15984561
15988436
16030423
16092284
16095902
16097231
16174157
16214785
16218528
16275919
16277282
16340983
16345494
16426859
16444319
16446108
16447676
16448930
16452527
16454796
16456268
16460565
16462700
16466617
16467717
16478725
16482727
16487519
16488761
16491109
16510518
16514801
16518356
16601328
16608948
16615127
16680791
16703904
16712508
16730003
16731674
16733309
16742337
16755080
16758527
16793426
16802915
16812263
16853863
16856586
16860656
16864837
16868308
16873023
16882072
16887093
16890504
16894562
16895908
16898135
16905299
16914536
16976008
16987772
16990376
17063972
17070913
17104401
17115529
17117983
17131720
17155843
17159384
17162851
17170912
17173880
17177667
17187007
17221854
17231180
17242235
17244931
17246438
17270231
17275507
17287805
17293107
17306719
17314367
17351468
17380442
17384239
17410575
17413758
17416493
17418043
17455729
17484018
17568835
17570215
17630755
17655571
17657571
17739002
